0.0 0.0917 0.1835 0.211 0.1376 0.0275 0.0275 0.0275 0.2569 0.0367 0.0 0.156 0.1927 0.2202 0.1101 0.0367 0.055 0.2202 0.0092 0.0 0.0 0.2569 0.2385 0.1376 0.0092 0.0183 0.0275 0.2477 0.0367 0.0275 0.0183 0.2202 0.1927 0.1835 0.0826 0.0183 0.211 0.0183 0.055 0.0 0.0 0.0 0.0 0.0 0.0 0.0 0.6972 0.3028 0.0 0.0 0.0 0.0 0.0 0.0 0.0 0.1927 0.2569 0.5505 0.0 0.0 0.0 0.0 0.0 0.0 0.0 0.1651 0.7706 0.0642 0.0 0.0 0.0 0.0 0.0 0.0 0.0 0.1835 0.4679 0.3486 0.0 0.0 
0.0 0.0497 0.1118 0.1925 0.118 0.118 0.0994 0.1863 0.0994 0.0248 0.087 0.118 0.1615 0.1366 0.1553 0.1118 0.0497 0.1366 0.0435 0.0 0.0 0.0373 0.1242 0.0994 0.1304 0.1429 0.2112 0.2112 0.0435 0.0 0.0435 0.1118 0.1304 0.1304 0.1739 0.118 0.0932 0.1739 0.0248 0.0 0.0 0.0 0.0 0.0 0.0 0.0 0.0 0.0248 0.7143 0.2609 0.0 0.0 0.0 0.0 0.0 0.0 0.0 0.0807 0.646 0.2733 0.0 0.0 0.0 0.0 0.0 0.0 0.0 0.0435 0.7205 0.236 0.0 0.0 0.0 0.0 0.0 0.0 0.0 0.0621 0.5901 0.3478 
0.0 0.0 0.1613 0.4301 0.1828 0.0645 0.0215 0.1398 0.0 0.0 0.043 0.2473 0.1935 0.1828 0.1613 0.1505 0.0215 0.0 0.0 0.0 0.0 0.0 0.1398 0.3441 0.2366 0.129 0.0215 0.129 0.0 0.0 0.0215 0.2151 0.2151 0.172 0.1828 0.043 0.0538 0.0968 0.0 0.0 0.0 0.0 0.0 0.0 0.1398 0.7957 0.0645 0.0 0.0 0.0 0.0 0.0 0.0 0.0 0.7527 0.2473 0.0 0.0 0.0 0.0 0.0 0.0 0.0 0.0 0.0 0.828 0.172 0.0 0.0 0.0 0.0 0.0 0.0 0.0 0.828 0.172 0.0 0.0 0.0 0.0 
0.0392 0.085 0.1699 0.3007 0.2288 0.0654 0.1111 0.0 0.0 0.0 0.0915 0.3595 0.2941 0.1111 0.0131 0.0196 0.1111 0.0 0.0 0.0 0.0065 0.0523 0.1961 0.3922 0.1699 0.0719 0.1111 0.0 0.0 0.0 0.0588 0.3203 0.3072 0.1569 0.0261 0.0261 0.1046 0.0 0.0 0.0 0.0 0.0 0.0 0.0 0.0 0.0 0.0523 0.4837 0.4641 0.0 0.0 0.0 0.0 0.0 0.0 0.0131 0.5621 0.4052 0.0196 0.0 0.0 0.0 0.0 0.0 0.0 0.0 0.0392 0.5882 0.3725 0.0 0.0 0.0 0.0 0.0 0.0 0.0654 0.7582 0.1765 0.0 0.0 
0.0 0.0718 0.1077 0.1487 0.4051 0.2667 0.0 0.0 0.0 0.0 0.0256 0.3846 0.1692 0.1897 0.0308 0.2 0.0 0.0 0.0 0.0 0.0 0.0 0.0769 0.1744 0.2923 0.4513 0.0051 0.0 0.0 0.0 0.0103 0.3641 0.2513 0.1282 0.0359 0.2103 0.0 0.0 0.0 0.0 0.0 0.0 0.0 0.0 0.0667 0.3744 0.559 0.0 0.0 0.0 0.0 0.0 0.0103 0.1385 0.7077 0.1436 0.0 0.0 0.0 0.0 0.0 0.0 0.0 0.0 0.0 0.4615 0.5385 0.0 0.0 0.0 0.0 0.0 0.0 0.0308 0.9333 0.0359 0.0 0.0 0.0 0.0 
0.0 0.0421 0.0607 0.0794 0.0467 0.1729 0.2757 0.3224 0.0 0.0 0.0093 0.2056 0.229 0.1262 0.0234 0.0234 0.1963 0.1869 0.0 0.0 0.0 0.0327 0.0421 0.0514 0.0701 0.1916 0.3131 0.2991 0.0 0.0 0.0234 0.2243 0.243 0.0607 0.0421 0.0748 0.3271 0.0047 0.0 0.0 0.0 0.0 0.0 0.0 0.0 0.0 0.0374 0.5327 0.4299 0.0 0.0 0.0 0.0 0.0 0.0 0.0 0.8832 0.1168 0.0 0.0 0.0 0.0 0.0 0.0 0.0 0.0 0.0 0.5561 0.4439 0.0 0.0 0.0 0.0 0.0 0.0 0.014 0.4486 0.5374 0.0 0.0 
0.0106 0.0212 0.0582 0.0476 0.0741 0.2646 0.3704 0.1534 0.0 0.0 0.0159 0.0582 0.1534 0.4127 0.1852 0.0582 0.1164 0.0 0.0 0.0 0.0053 0.0106 0.1693 0.0952 0.0741 0.2487 0.0635 0.2751 0.0582 0.0 0.0159 0.0476 0.0582 0.3439 0.381 0.0582 0.0476 0.0476 0.0 0.0 0.0 0.0 0.0 0.0423 0.5291 0.2857 0.1429 0.0 0.0 0.0 0.0 0.0 0.1958 0.5344 0.2698 0.0 0.0 0.0 0.0 0.0 0.0 0.0 0.0 0.0212 0.3439 0.6296 0.0053 0.0 0.0 0.0 0.0 0.0 0.0899 0.0423 0.6402 0.2011 0.0265 0.0 0.0 0.0 
0.0155 0.1399 0.0259 0.1088 0.171 0.1244 0.1399 0.1917 0.057 0.0259 0.0052 0.1658 0.1969 0.2176 0.0466 0.1658 0.0518 0.0622 0.0725 0.0155 0.0 0.0207 0.0363 0.0622 0.1451 0.1295 0.0518 0.2383 0.0104 0.3057 0.0207 0.1451 0.1503 0.1658 0.0829 0.0415 0.2021 0.1244 0.0311 0.0363 0.0 0.0777 0.0829 0.0363 0.0 0.0 0.0984 0.399 0.3057 0.0 0.0 0.1399 0.0466 0.0104 0.0 0.0052 0.3212 0.4249 0.0518 0.0 0.0 0.0 0.0933 0.1036 0.0052 0.0104 0.0829 0.3368 0.3679 0.0 0.0052 0.0052 0.1347 0.0518 0.0052 0.0155 0.4249 0.3368 0.0207 0.0 
0.0 0.0 0.0 0.1121 0.3707 0.0517 0.1552 0.3103 0.0 0.0 0.0086 0.1379 0.2414 0.1983 0.0862 0.2414 0.0862 0.0 0.0 0.0 0.0 0.0431 0.2414 0.1983 0.0431 0.0345 0.4224 0.0172 0.0 0.0 0.0086 0.1638 0.1983 0.2845 0.1897 0.0345 0.1207 0.0 0.0 0.0 0.0 0.0 0.0 0.0 0.0 0.931 0.069 0.0 0.0 0.0 0.0 0.0 0.0 0.1207 0.0172 0.8276 0.0345 0.0 0.0 0.0 0.0 0.0 0.0 0.0 0.0862 0.9138 0.0 0.0 0.0 0.0 0.0 0.0 0.0 0.0 0.3276 0.6724 0.0 0.0 0.0 0.0 
0.0 0.0 0.0252 0.2956 0.3145 0.1384 0.2075 0.0189 0.0 0.0 0.0692 0.2516 0.2075 0.2327 0.0755 0.1635 0.0 0.0 0.0 0.0 0.0 0.0566 0.1698 0.2453 0.1824 0.1572 0.1572 0.0189 0.0126 0.0 0.1132 0.1509 0.1887 0.2075 0.195 0.1447 0.0 0.0 0.0 0.0 0.0 0.0 0.0 0.0 0.0 0.0 0.0 0.3459 0.6541 0.0 0.0 0.0 0.0 0.0 0.0 0.0 0.4528 0.4528 0.0943 0.0 0.0 0.0 0.0 0.0 0.0 0.0 0.0 0.566 0.434 0.0 0.0 0.0 0.0 0.0 0.0 0.0 0.2327 0.6289 0.1384 0.0 
0.0394 0.2167 0.2266 0.0739 0.2167 0.2069 0.0197 0.0 0.0 0.0 0.0246 0.133 0.0837 0.3448 0.2512 0.1527 0.0099 0.0 0.0 0.0 0.0788 0.2365 0.1626 0.1379 0.197 0.0197 0.1675 0.0 0.0 0.0 0.0394 0.1478 0.1084 0.5862 0.1182 0.0 0.0 0.0 0.0 0.0 0.0 0.0 0.0 0.0 0.0 0.0 0.5123 0.4877 0.0 0.0 0.0 0.0 0.0 0.0 0.0 0.1133 0.8867 0.0 0.0 0.0 0.0 0.0 0.0 0.0 0.0 0.0 0.936 0.064 0.0 0.0 0.0 0.0 0.0 0.0 0.0 0.0936 0.9064 0.0 0.0 0.0 
0.0103 0.1959 0.4227 0.1082 0.0464 0.1134 0.1031 0.0 0.0 0.0 0.134 0.134 0.0619 0.3608 0.1186 0.0412 0.134 0.0155 0.0 0.0 0.0 0.1546 0.1082 0.4536 0.0773 0.2062 0.0 0.0 0.0 0.0 0.0567 0.1546 0.1134 0.232 0.2165 0.0515 0.1753 0.0 0.0 0.0 0.0 0.0 0.0 0.0 0.0 0.0 0.0 0.1186 0.8814 0.0 0.0 0.0 0.0 0.0 0.0 0.0 0.0 0.9845 0.0155 0.0 0.0 0.0 0.0 0.0 0.0 0.0 0.0 0.1753 0.8247 0.0 0.0 0.0 0.0 0.0 0.0 0.0 0.0 0.866 0.134 0.0 
0.0 0.0 0.0 0.0 0.0 0.0 0.0 0.019 0.981 0.0 0.0 0.0 0.0 0.0 0.0 0.0 0.2095 0.7905 0.0 0.0 0.0 0.0 0.0 0.0381 0.0667 0.0476 0.0571 0.1429 0.6476 0.0 0.0 0.1143 0.0667 0.0571 0.0857 0.2952 0.3048 0.0762 0.0 0.0 0.0 0.0 0.0 0.0 0.0 0.0 1.0 0.0 0.0 0.0 0.0 0.0 0.0 0.0 0.0 0.3905 0.6095 0.0 0.0 0.0 0.0 0.0 0.0 0.0 0.0 0.3048 0.5905 0.1048 0.0 0.0 0.0 0.0 0.0 0.4476 0.5524 0.0 0.0 0.0 0.0 0.0 
0.0 0.0 0.0 0.0 0.0316 0.0316 0.0211 0.3158 0.5789 0.0211 0.0 0.0 0.0 0.0 0.0 0.0421 0.0947 0.7895 0.0737 0.0 0.0 0.0 0.0 0.0105 0.0 0.0 0.1053 0.1053 0.1263 0.6526 0.0 0.0 0.0526 0.2947 0.0947 0.0211 0.0211 0.0316 0.3158 0.1684 0.0 0.0 0.0 0.0 0.0 0.0 0.0 0.0105 0.0 0.9895 0.0 0.0 0.0 0.0 0.0 0.0 0.0 0.0 0.0105 0.9895 0.0 0.0 0.0 0.0 0.0 0.0 0.0 0.0105 0.0 0.9895 0.0 0.0 0.0 0.0 0.0 0.0 0.0 0.0105 0.0 0.9895 
0.0 0.0 0.0 0.0 0.0 0.0 0.0 1.0 0.0 0.0 0.0 0.0 0.0526 0.0 0.0 0.5439 0.3509 0.0526 0.0 0.0 0.0 0.0 0.0 0.1053 0.2632 0.6316 0.0 0.0 0.0 0.0 0.3333 0.5439 0.0351 0.0526 0.0351 0.0 0.0 0.0 0.0 0.0 0.0 0.0 0.0 0.0 0.0 1.0 0.0 0.0 0.0 0.0 0.0 0.0 0.0 0.0 0.0526 0.8772 0.0702 0.0 0.0 0.0 0.0 0.0 0.0 0.0 0.0 0.193 0.807 0.0 0.0 0.0 0.0 0.0 0.0 0.0 0.4912 0.4035 0.1053 0.0 0.0 0.0 
0.0 0.0196 0.0196 0.0392 0.0588 0.0 0.0392 0.4902 0.1765 0.1569 0.0 0.0 0.0 0.0 0.0392 0.1373 0.0392 0.6667 0.1176 0.0 0.0 0.0 0.0392 0.0392 0.0 0.3922 0.0392 0.0784 0.4118 0.0 0.0196 0.1373 0.3333 0.0 0.0196 0.0196 0.0196 0.0784 0.3725 0.0 0.0 0.0 0.0 0.0 0.0 0.0 0.0 0.1176 0.2941 0.5882 0.0 0.0 0.0 0.0 0.0 0.0 0.0392 0.7647 0.1961 0.0 0.0 0.0 0.0 0.0 0.0 0.0 0.0 0.0 0.8627 0.1373 0.0 0.0 0.0 0.0 0.0 0.0 0.0 0.5686 0.4314 0.0 
0.0 0.0 0.0 0.0 0.088 0.912 0.0 0.0 0.0 0.0 0.0 0.0 0.0 0.0 0.024 0.976 0.0 0.0 0.0 0.0 0.0 0.0 0.0 0.0 0.104 0.88 0.016 0.0 0.0 0.0 0.0 0.192 0.328 0.112 0.056 0.296 0.016 0.0 0.0 0.0 0.0 0.0 0.0 0.0 0.0 0.608 0.392 0.0 0.0 0.0 0.0 0.0 0.0 0.0 0.96 0.04 0.0 0.0 0.0 0.0 0.0 0.0 0.0 0.0 0.0 0.376 0.624 0.0 0.0 0.0 0.0 0.0 0.0 0.064 0.144 0.792 0.0 0.0 0.0 0.0 
0.0 0.0 0.0 0.0 0.0 0.0 0.5862 0.4138 0.0 0.0 0.0 0.0 0.0 0.0 0.0 0.0 0.6552 0.3448 0.0 0.0 0.0 0.0 0.0 0.0 0.0 0.2672 0.569 0.1638 0.0 0.0 0.0 0.2069 0.0431 0.0172 0.0862 0.069 0.5776 0.0 0.0 0.0 0.0 0.0 0.0 0.0 0.0 0.0 0.0 1.0 0.0 0.0 0.0 0.0 0.0 0.0 0.0 0.0 1.0 0.0 0.0 0.0 0.0 0.0 0.0 0.0 0.0 0.0 0.0 1.0 0.0 0.0 0.0 0.0 0.0 0.0 0.0 0.0 1.0 0.0 0.0 0.0 
0.0 0.0 0.0 0.0 0.0776 0.2845 0.2845 0.1897 0.1638 0.0 0.0 0.0 0.0 0.0 0.0517 0.7931 0.1552 0.0 0.0 0.0 0.0 0.0 0.0 0.0 0.1034 0.2241 0.6293 0.0431 0.0 0.0 0.0 0.0948 0.0517 0.1897 0.1379 0.4224 0.1034 0.0 0.0 0.0 0.0 0.0 0.0 0.0 0.6552 0.2328 0.1121 0.0 0.0 0.0 0.0 0.0 0.0 0.0 0.5862 0.4138 0.0 0.0 0.0 0.0 0.0 0.0 0.0 0.0 0.7069 0.2759 0.0172 0.0 0.0 0.0 0.0 0.0 0.0 0.0 0.2845 0.681 0.0345 0.0 0.0 0.0 
0.0 0.0 0.0 0.0 0.0 0.0 0.0 1.0 0.0 0.0 0.0 0.0 0.0 0.0 0.0 0.0 0.0 1.0 0.0 0.0 0.0 0.0 0.0 0.0 0.0 0.0 0.264 0.608 0.128 0.0 0.0 0.0 0.0 0.024 0.064 0.256 0.376 0.176 0.104 0.0 0.0 0.0 0.0 0.0 0.0 0.0 0.0 0.0 1.0 0.0 0.0 0.0 0.0 0.0 0.0 0.0 0.0 1.0 0.0 0.0 0.0 0.0 0.0 0.0 0.0 0.0 0.0 0.0 1.0 0.0 0.0 0.0 0.0 0.0 0.0 0.0 0.0 0.832 0.168 0.0 
0.0 0.0 0.0 0.0 0.0164 0.0738 0.3115 0.5984 0.0 0.0 0.0 0.1311 0.2131 0.1557 0.1803 0.0574 0.2623 0.0 0.0 0.0 0.0 0.0246 0.0164 0.0738 0.0902 0.0984 0.3689 0.3279 0.0 0.0 0.0 0.1066 0.0246 0.1066 0.2131 0.2295 0.3115 0.0082 0.0 0.0 0.0 0.0 0.0 0.0 0.0 0.5902 0.2541 0.1557 0.0 0.0 0.0 0.0 0.0 0.0 0.0 0.6803 0.1639 0.1557 0.0 0.0 0.0 0.0 0.0 0.0 0.0 0.7049 0.1885 0.1066 0.0 0.0 0.0 0.0 0.0 0.0 0.1066 0.5902 0.1967 0.1066 0.0 0.0 
0.0 0.0 0.0 0.0 0.0 0.0 0.4554 0.3168 0.2277 0.0 0.0 0.0 0.0 0.2673 0.4554 0.1683 0.1089 0.0 0.0 0.0 0.0 0.0 0.0 0.0 0.0 0.0396 0.2079 0.1584 0.5644 0.0297 0.0 0.0 0.1386 0.0693 0.1485 0.0495 0.1188 0.3564 0.1188 0.0 0.0 0.0 0.0 0.0 0.0 0.0 0.0 0.0 0.3267 0.6733 0.0 0.0 0.0 0.0 0.0 0.0 0.0 0.1782 0.6733 0.1485 0.0 0.0 0.0 0.0 0.0 0.0 0.0 0.0 0.2673 0.7327 0.0 0.0 0.0 0.0 0.0 0.0 0.0 0.0 0.8515 0.1485 
0.0 0.0 0.0 0.0 0.0 0.8083 0.1917 0.0 0.0 0.0 0.0 0.0 0.0 0.0 0.0 0.175 0.825 0.0 0.0 0.0 0.0 0.0 0.0 0.0 0.2 0.6667 0.1333 0.0 0.0 0.0 0.0 0.0 0.0 0.0 0.1583 0.825 0.0167 0.0 0.0 0.0 0.0 0.0 0.0 0.0 1.0 0.0 0.0 0.0 0.0 0.0 0.0 0.0 0.7167 0.2833 0.0 0.0 0.0 0.0 0.0 0.0 0.0 0.0 0.0 0.0 0.9167 0.0833 0.0 0.0 0.0 0.0 0.0 0.0 0.6083 0.25 0.1417 0.0 0.0 0.0 0.0 0.0 
0.0 0.0 0.0 0.0 0.0 0.0 0.0 1.0 0.0 0.0 0.0 0.0 0.0 0.0 0.0 0.0 0.1887 0.8113 0.0 0.0 0.0 0.0 0.0 0.0 0.0 0.1069 0.8365 0.0566 0.0 0.0 0.0 0.0 0.0 0.0 0.0629 0.0629 0.5975 0.2767 0.0 0.0 0.0 0.0 0.0 0.0 0.0 0.0 0.0 0.0 1.0 0.0 0.0 0.0 0.0 0.0 0.0 0.0 0.0 0.5409 0.4591 0.0 0.0 0.0 0.0 0.0 0.0 0.0 0.0 0.0 1.0 0.0 0.0 0.0 0.0 0.0 0.0 0.0 0.0 0.9057 0.0943 0.0 
0.0 0.0 0.01 0.0149 0.0249 0.3134 0.1542 0.1741 0.3085 0.0 0.0 0.0 0.005 0.01 0.4925 0.0299 0.3831 0.0796 0.0 0.0 0.0 0.01 0.0348 0.3085 0.1493 0.0398 0.0199 0.408 0.0299 0.0 0.0 0.0 0.0 0.01 0.1741 0.2388 0.408 0.1493 0.0199 0.0 0.0 0.0 0.0 0.0 0.0547 0.3433 0.1592 0.0746 0.3234 0.0448 0.0 0.0 0.0 0.0 0.0697 0.4229 0.1443 0.3582 0.005 0.0 0.0 0.0 0.0 0.0 0.0796 0.5871 0.2338 0.0149 0.0149 0.0697 0.0 0.0 0.0 0.0 0.3433 0.4677 0.0398 0.1244 0.0199 0.005 
0.3368 0.0158 0.0105 0.0158 0.0263 0.0053 0.0789 0.2211 0.2895 0.0 0.0 0.0053 0.0053 0.2105 0.1105 0.1684 0.1474 0.1737 0.1789 0.0 0.0 0.0053 0.0 0.0 0.0053 0.0105 0.0684 0.2842 0.2842 0.3421 0.0 0.0 0.0 0.0316 0.0105 0.1684 0.1211 0.0579 0.3263 0.2842 0.0 0.0105 0.0105 0.0421 0.0632 0.2 0.1263 0.1474 0.0421 0.3579 0.0053 0.0105 0.0368 0.0947 0.0895 0.0737 0.1158 0.1579 0.0684 0.3474 0.0158 0.0211 0.0368 0.0053 0.0368 0.1316 0.1105 0.1842 0.0895 0.3684 0.0368 0.0158 0.0263 0.0158 0.1105 0.2421 0.1632 0.0368 0.0316 0.3211 
0.0231 0.3231 0.2538 0.0923 0.0615 0.0538 0.1923 0.0 0.0 0.0 0.0385 0.0154 0.1231 0.0462 0.1462 0.4846 0.1462 0.0 0.0 0.0 0.0 0.0 0.0 0.0 0.1154 0.3538 0.2846 0.2462 0.0 0.0 0.0 0.0308 0.0077 0.0769 0.1385 0.2462 0.2846 0.2154 0.0 0.0 0.0 0.0 0.1538 0.2769 0.3692 0.2 0.0 0.0 0.0 0.0 0.1769 0.2231 0.0308 0.0923 0.4077 0.0692 0.0 0.0 0.0 0.0 0.0 0.0 0.0 0.0077 0.5846 0.3077 0.1 0.0 0.0 0.0 0.0 0.0 0.0385 0.1923 0.5 0.1692 0.1 0.0 0.0 0.0 
0.0233 0.0116 0.0233 0.0349 0.1686 0.0756 0.2035 0.314 0.1221 0.0233 0.0 0.0 0.0 0.0349 0.1221 0.2093 0.314 0.3081 0.0116 0.0 0.0407 0.4942 0.0174 0.0116 0.0233 0.0988 0.2093 0.1047 0.0 0.0 0.0 0.5698 0.0116 0.0233 0.0233 0.0407 0.0581 0.2733 0.0 0.0 0.0 0.0 0.0116 0.0116 0.0872 0.1163 0.1744 0.3663 0.2326 0.0 0.0 0.0116 0.0174 0.0581 0.1163 0.2384 0.2849 0.2558 0.0174 0.0 0.25 0.1163 0.0174 0.0349 0.0988 0.1512 0.0872 0.0872 0.157 0.0 0.4884 0.0523 0.0174 0.0174 0.0756 0.1221 0.1453 0.0814 0.0 0.0 
0.0 0.0 0.0 0.0556 0.3403 0.5417 0.0625 0.0 0.0 0.0 0.0 0.0 0.0 0.1111 0.6389 0.25 0.0 0.0 0.0 0.0 0.0 0.0 0.0625 0.1667 0.4236 0.3194 0.0278 0.0 0.0 0.0 0.0 0.4861 0.0139 0.0 0.0764 0.375 0.0486 0.0 0.0 0.0 0.0 0.0 0.0 0.0 0.1944 0.3264 0.3056 0.1111 0.0625 0.0 0.0069 0.1528 0.0556 0.1042 0.2778 0.2917 0.0764 0.0208 0.0139 0.0 0.0 0.0 0.0208 0.3472 0.3194 0.2708 0.0417 0.0 0.0 0.0 0.0 0.0 0.3681 0.2153 0.2014 0.2153 0.0 0.0 0.0 0.0 
0.0112 0.0618 0.0562 0.073 0.1067 0.3146 0.3202 0.0449 0.0056 0.0056 0.0 0.0 0.0169 0.1292 0.3034 0.1854 0.3315 0.0337 0.0 0.0 0.0 0.0843 0.2528 0.0056 0.1629 0.3315 0.1517 0.0112 0.0 0.0 0.0056 0.0225 0.0618 0.3315 0.0225 0.1067 0.4494 0.0 0.0 0.0 0.0056 0.0 0.0225 0.0449 0.0787 0.2416 0.1517 0.3876 0.0674 0.0 0.0112 0.0056 0.0562 0.191 0.2191 0.1404 0.3483 0.0281 0.0 0.0 0.0112 0.0618 0.073 0.0787 0.1573 0.2921 0.1236 0.2022 0.0 0.0 0.0337 0.0337 0.0618 0.1011 0.2247 0.2753 0.2528 0.0169 0.0 0.0 
0.0 0.0 0.0503 0.2793 0.0447 0.1341 0.3687 0.1229 0.0 0.0 0.0 0.0 0.2849 0.1955 0.1732 0.1061 0.2179 0.0223 0.0 0.0 0.0 0.0 0.0112 0.0391 0.3296 0.0894 0.3073 0.1676 0.0056 0.0503 0.0 0.0 0.0503 0.1117 0.162 0.3073 0.2682 0.1006 0.0 0.0 0.2458 0.1397 0.1061 0.2011 0.1173 0.1899 0.0 0.0 0.0 0.0 0.095 0.4469 0.0838 0.067 0.2514 0.0559 0.0 0.0 0.0 0.0 0.0447 0.0726 0.2235 0.1229 0.2458 0.2905 0.0 0.0 0.0 0.0 0.0726 0.1955 0.095 0.2346 0.3687 0.0335 0.0 0.0 0.0 0.0 
0.034 0.0291 0.0 0.0194 0.0971 0.1214 0.2961 0.3641 0.0388 0.0 0.0 0.2379 0.2039 0.1068 0.034 0.0777 0.1505 0.1893 0.0 0.0 0.0243 0.068 0.1068 0.0728 0.0728 0.1505 0.1456 0.1748 0.1505 0.034 0.0049 0.0971 0.2379 0.165 0.0922 0.1262 0.0097 0.2379 0.0291 0.0 0.0534 0.0777 0.0922 0.1262 0.165 0.1553 0.0583 0.0049 0.2524 0.0146 0.1893 0.1165 0.1311 0.0777 0.0777 0.1068 0.0291 0.1893 0.0825 0.0 0.0534 0.0534 0.0534 0.068 0.1117 0.2913 0.0631 0.0388 0.2573 0.0097 0.0825 0.0583 0.0631 0.1311 0.2427 0.1117 0.0437 0.2136 0.0534 0.0 
0.0 0.0 0.0757 0.0 0.1405 0.0378 0.2541 0.3081 0.0108 0.173 0.0 0.0432 0.027 0.0216 0.2865 0.227 0.2595 0.0 0.0324 0.1027 0.0216 0.0811 0.0865 0.0595 0.0378 0.0378 0.2378 0.2541 0.0595 0.1243 0.0 0.0 0.0 0.0919 0.1189 0.3027 0.3784 0.0324 0.0324 0.0432 0.0 0.0 0.1135 0.0324 0.1243 0.2595 0.3297 0.1081 0.0324 0.0 0.0 0.0 0.0595 0.1459 0.2324 0.2811 0.2378 0.0432 0.0 0.0 0.0 0.0 0.0054 0.0865 0.1568 0.3027 0.1243 0.3189 0.0054 0.0 0.0 0.0757 0.0541 0.0757 0.1946 0.2486 0.3297 0.0216 0.0 0.0 
0.0 0.0 0.0 0.0 0.0 0.0 0.037 0.6825 0.254 0.0265 0.0 0.0 0.0053 0.2169 0.1693 0.1005 0.1323 0.3704 0.0053 0.0 0.0 0.0 0.0106 0.0794 0.0423 0.1746 0.2751 0.3757 0.0159 0.0265 0.0 0.0106 0.0899 0.1005 0.2222 0.0741 0.4021 0.0952 0.0053 0.0 0.2011 0.0212 0.0265 0.0265 0.0 0.0423 0.1111 0.164 0.2963 0.1111 0.2063 0.0159 0.0265 0.0529 0.0159 0.0423 0.1164 0.3545 0.1693 0.0 0.0 0.0 0.0 0.0212 0.1217 0.1746 0.1164 0.1111 0.3492 0.1058 0.0 0.0 0.0 0.0159 0.1852 0.1958 0.1164 0.3598 0.127 0.0 
0.5707 0.0435 0.0 0.0054 0.0815 0.087 0.212 0.0 0.0 0.0 0.0 0.0217 0.5 0.1359 0.0326 0.2826 0.0272 0.0 0.0 0.0 0.0 0.0 0.0 0.0652 0.4402 0.3587 0.1196 0.0163 0.0 0.0 0.0 0.0 0.0 0.0 0.0163 0.4946 0.2609 0.1957 0.0326 0.0 0.0 0.0 0.0 0.0761 0.6902 0.1739 0.0543 0.0054 0.0 0.0 0.0 0.0 0.0054 0.6033 0.2935 0.0489 0.0272 0.0109 0.0109 0.0 0.0 0.0054 0.0 0.0054 0.5543 0.3533 0.0272 0.0217 0.0326 0.0 0.5054 0.0326 0.0 0.212 0.2337 0.0109 0.0054 0.0 0.0 0.0 
0.0055 0.0 0.0659 0.0769 0.1264 0.2308 0.2527 0.2143 0.0275 0.0 0.0 0.0 0.0055 0.0385 0.0989 0.2088 0.4011 0.2473 0.0 0.0 0.1044 0.0659 0.1154 0.0549 0.0769 0.1648 0.3681 0.0495 0.0 0.0 0.0275 0.0275 0.1813 0.1099 0.1978 0.0659 0.1978 0.1923 0.0 0.0 0.1209 0.1319 0.0165 0.0495 0.1429 0.0934 0.0659 0.1429 0.2363 0.0 0.2747 0.044 0.044 0.0769 0.0934 0.0495 0.1209 0.2692 0.0275 0.0 0.0549 0.0714 0.1319 0.1044 0.1484 0.0769 0.0714 0.1209 0.2088 0.011 0.2308 0.0934 0.0989 0.1264 0.0495 0.0549 0.1264 0.2198 0.0 0.0 
0.0 0.0 0.0233 0.0506 0.1089 0.1556 0.1051 0.1673 0.1673 0.2218 0.0506 0.0195 0.0039 0.0078 0.0 0.0661 0.2412 0.2879 0.323 0.0 0.0 0.0233 0.035 0.0506 0.0272 0.0856 0.1829 0.214 0.2296 0.1518 0.0 0.0 0.0 0.0 0.0545 0.0545 0.1634 0.3074 0.4086 0.0117 0.0 0.0 0.0 0.0 0.0 0.0 0.1284 0.2062 0.2724 0.393 0.0 0.0 0.0 0.0039 0.0311 0.0272 0.0467 0.2062 0.2179 0.4669 0.0 0.0 0.0 0.0 0.0 0.0 0.0078 0.323 0.2763 0.393 0.0 0.0 0.0 0.0039 0.0117 0.0156 0.07 0.2335 0.2646 0.4008 
0.0 0.0 0.0 0.0 0.0 0.0 0.0391 0.3737 0.3986 0.1886 0.0 0.0 0.0 0.0 0.0 0.0285 0.1637 0.4769 0.3132 0.0178 0.0 0.0 0.0 0.0 0.0 0.0 0.0178 0.3808 0.274 0.3274 0.0 0.0 0.0 0.0 0.0 0.0071 0.0783 0.5089 0.363 0.0427 0.0 0.0 0.0 0.0036 0.0071 0.0498 0.395 0.4448 0.0996 0.0 0.0 0.032 0.1637 0.4342 0.1352 0.2278 0.0071 0.0 0.0 0.0 0.0 0.0 0.0 0.0285 0.0783 0.0676 0.2491 0.3452 0.2313 0.0 0.0 0.0641 0.1103 0.2491 0.3203 0.153 0.1032 0.0 0.0 0.0 
0.0 0.0125 0.0417 0.1042 0.125 0.1125 0.2167 0.2917 0.0958 0.0 0.0 0.0 0.0 0.0292 0.0708 0.2 0.325 0.3375 0.0375 0.0 0.0667 0.0042 0.0083 0.0625 0.0917 0.2125 0.1875 0.3083 0.0583 0.0 0.0333 0.0 0.0375 0.0083 0.0917 0.2625 0.2833 0.2458 0.0375 0.0 0.0 0.0 0.0 0.0375 0.0 0.0542 0.1875 0.5292 0.1917 0.0 0.0 0.0 0.0333 0.0125 0.0583 0.2792 0.4333 0.1708 0.0125 0.0 0.0 0.0 0.0 0.0375 0.0083 0.0417 0.1583 0.5875 0.1667 0.0 0.0 0.0 0.0292 0.0083 0.0667 0.2375 0.5583 0.1 0.0 0.0 
0.0 0.0 0.0 0.0 0.0 0.1393 0.2674 0.3482 0.2423 0.0028 0.0 0.0 0.0 0.0279 0.0529 0.1699 0.376 0.3259 0.0474 0.0 0.0 0.0 0.0 0.0 0.0 0.039 0.3565 0.5237 0.0808 0.0 0.0 0.0 0.0 0.0223 0.0418 0.415 0.2674 0.2368 0.0167 0.0 0.0 0.0 0.0111 0.0223 0.0808 0.1448 0.2897 0.3343 0.0418 0.0752 0.0084 0.0084 0.0139 0.0195 0.0306 0.1114 0.2089 0.4123 0.1058 0.0808 0.0 0.0 0.0028 0.1003 0.2618 0.2897 0.156 0.1031 0.0808 0.0056 0.0251 0.1086 0.2869 0.2256 0.0947 0.0446 0.0474 0.0864 0.0808 0.0 
0.0 0.0 0.0 0.0 0.022 0.0513 0.7436 0.1795 0.0037 0.0 0.0 0.0 0.0 0.0 0.0 0.0 0.8168 0.1832 0.0 0.0 0.0 0.0 0.0 0.0 0.0037 0.1575 0.4652 0.3736 0.0 0.0 0.0 0.0 0.0 0.0 0.0 0.0 0.9048 0.0952 0.0 0.0 0.0 0.0 0.0 0.0 0.0 0.022 0.1099 0.7216 0.1465 0.0 0.0 0.0 0.0 0.0 0.0073 0.2381 0.5165 0.2381 0.0 0.0 0.0 0.0 0.0 0.0 0.0 0.0 0.2161 0.6374 0.1465 0.0 0.0 0.0 0.0 0.0 0.0 0.1758 0.5604 0.2637 0.0 0.0 
0.0 0.0 0.0 0.0 0.1139 0.4875 0.3986 0.0 0.0 0.0 0.0 0.0 0.0 0.0 0.1174 0.452 0.4235 0.0071 0.0 0.0 0.0 0.0 0.0 0.0 0.1174 0.7011 0.1815 0.0 0.0 0.0 0.0 0.0 0.0 0.0 0.0 0.6477 0.3523 0.0 0.0 0.0 0.0 0.0 0.0107 0.0996 0.3915 0.4413 0.0569 0.0 0.0 0.0 0.2278 0.2171 0.0961 0.2669 0.1673 0.0249 0.0 0.0 0.0 0.0 0.0 0.0 0.0 0.0071 0.4626 0.5018 0.0285 0.0 0.0 0.0 0.0463 0.0071 0.5267 0.2669 0.1388 0.0142 0.0 0.0 0.0 0.0 
0.0 0.0 0.0 0.0 0.0345 0.2974 0.4009 0.0991 0.1681 0.0 0.0086 0.1034 0.4224 0.0819 0.0991 0.0345 0.0991 0.1509 0.0 0.0 0.0 0.0 0.0 0.0 0.0 0.2198 0.3147 0.3879 0.0776 0.0 0.0 0.0 0.1207 0.2759 0.0043 0.1164 0.2586 0.2241 0.0 0.0 0.0 0.0 0.0 0.0 0.0 0.0 0.0 0.1681 0.6509 0.181 0.0 0.0 0.0 0.0 0.0 0.0 0.181 0.6336 0.1853 0.0 0.0 0.0 0.0 0.0 0.0 0.0 0.0 0.1897 0.7112 0.0991 0.0 0.0 0.0 0.0 0.0 0.0 0.1293 0.7198 0.1509 0.0 
0.0 0.0 0.0 0.0 0.0 0.4848 0.5152 0.0 0.0 0.0 0.0 0.0379 0.1856 0.3561 0.25 0.1326 0.0379 0.0 0.0 0.0 0.0 0.0 0.0 0.0 0.0758 0.3068 0.5795 0.0379 0.0 0.0 0.0 0.0265 0.2652 0.2121 0.1553 0.2917 0.0492 0.0 0.0 0.0 0.0 0.0 0.0076 0.0 0.0 0.0303 0.5795 0.3826 0.0 0.0 0.0076 0.5341 0.2311 0.0038 0.178 0.0455 0.0 0.0 0.0 0.0 0.2803 0.572 0.0606 0.0871 0.0 0.0 0.0 0.0 0.0 0.0 0.5568 0.4356 0.0038 0.0038 0.0 0.0 0.0 0.0 0.0 0.0 
0.0962 0.0673 0.0449 0.0385 0.0321 0.1282 0.2404 0.0192 0.1346 0.1987 0.0 0.0096 0.0128 0.0833 0.0865 0.109 0.5609 0.1378 0.0 0.0 0.1026 0.1603 0.0 0.0032 0.0513 0.0288 0.2051 0.3782 0.0705 0.0 0.0 0.0 0.0 0.0256 0.266 0.2083 0.2853 0.1859 0.0288 0.0 0.0 0.0 0.0 0.0 0.0 0.0449 0.2115 0.266 0.2949 0.1827 0.0 0.0 0.0 0.0417 0.0288 0.0737 0.2692 0.2821 0.2821 0.0224 0.0 0.0 0.0 0.0 0.0192 0.0353 0.1154 0.4103 0.2019 0.2179 0.0 0.0 0.0032 0.0577 0.0833 0.0321 0.1731 0.4391 0.2051 0.0064 
0.0 0.0 0.0 0.0385 0.2552 0.0559 0.0245 0.0664 0.4755 0.0839 0.0 0.0 0.0 0.0 0.0105 0.2133 0.3706 0.3811 0.0245 0.0 0.0 0.0 0.0 0.0 0.0 0.007 0.3776 0.2867 0.3077 0.021 0.0 0.0 0.0 0.0 0.0 0.0 0.3112 0.6713 0.0175 0.0 0.0 0.0 0.0 0.0 0.0245 0.1014 0.3566 0.3427 0.1748 0.0 0.0 0.0 0.0 0.0105 0.1364 0.1434 0.3706 0.2867 0.0524 0.0 0.0 0.0 0.0 0.0 0.0105 0.0699 0.3531 0.5 0.0664 0.0 0.0035 0.1364 0.1888 0.0839 0.1678 0.2133 0.1573 0.0315 0.0175 0.0 
0.0794 0.0 0.0079 0.0079 0.0 0.0079 0.0794 0.4683 0.3095 0.0397 0.0 0.0 0.0873 0.0079 0.0238 0.0397 0.1905 0.6429 0.0 0.0079 0.0 0.0 0.0 0.0 0.0556 0.0714 0.0873 0.6587 0.119 0.0079 0.0 0.0 0.0 0.0 0.0159 0.0635 0.1746 0.6111 0.127 0.0079 0.0 0.0 0.0079 0.0079 0.0159 0.0238 0.0159 0.0794 0.5714 0.2778 0.0 0.0 0.0079 0.0079 0.0317 0.0079 0.1111 0.7063 0.0952 0.0317 0.0 0.0079 0.0079 0.0 0.0397 0.0159 0.0 0.0317 0.5476 0.3492 0.0 0.0 0.0079 0.0317 0.0317 0.0079 0.1746 0.4127 0.3016 0.0317 
0.0 0.0 0.0 0.0 0.0 0.0 0.3548 0.629 0.0 0.0161 0.0 0.0 0.0 0.0 0.0 0.2419 0.7097 0.0323 0.0 0.0161 0.0 0.0 0.0 0.0 0.0 0.0 0.5323 0.4516 0.0 0.0161 0.0 0.0 0.0 0.0 0.0 0.0 0.9839 0.0 0.0 0.0161 0.0 0.0 0.0 0.0 0.0 0.0 0.0 0.9355 0.0484 0.0161 0.0 0.0 0.0 0.0 0.0484 0.0645 0.4839 0.3871 0.0 0.0161 0.0 0.0 0.0 0.0 0.0 0.0 0.0484 0.8387 0.0968 0.0161 0.0 0.0161 0.0484 0.1452 0.0968 0.6452 0.0323 0.0 0.0 0.0161 
0.0 0.0 0.0 0.0 0.0 0.0 0.0408 0.1327 0.8265 0.0 0.0 0.0 0.0 0.0 0.0 0.0204 0.1735 0.602 0.2041 0.0 0.0 0.0 0.0 0.0 0.0 0.0 0.0204 0.4796 0.5 0.0 0.0 0.0 0.0 0.0 0.0 0.0408 0.3878 0.1531 0.4184 0.0 0.0 0.0 0.0 0.0 0.1224 0.3469 0.0204 0.051 0.3673 0.0918 0.0 0.0 0.0 0.0714 0.0714 0.3265 0.0714 0.0306 0.4286 0.0 0.0 0.0 0.0 0.0306 0.1122 0.3265 0.0306 0.0408 0.3367 0.1224 0.0 0.0 0.0 0.0816 0.0612 0.3265 0.0612 0.0408 0.4286 0.0 
0.0 0.0 0.0 0.0 0.0364 0.0727 0.4 0.4909 0.0 0.0 0.0 0.0 0.0 0.0 0.0909 0.1636 0.4364 0.2636 0.0455 0.0 0.0 0.0 0.0 0.0 0.0182 0.1091 0.1364 0.6 0.1364 0.0 0.0 0.0 0.0 0.0 0.0 0.2364 0.3091 0.4545 0.0 0.0 0.0 0.0 0.0 0.1545 0.0636 0.2909 0.0273 0.0364 0.3545 0.0727 0.0 0.0 0.0909 0.1091 0.2455 0.0545 0.0364 0.0545 0.4091 0.0 0.0 0.0 0.0818 0.1 0.1182 0.2182 0.0182 0.0091 0.3545 0.1 0.0 0.0 0.1182 0.1182 0.2818 0.0091 0.0182 0.0545 0.4 0.0 
0.0 0.0 0.0 0.0 0.0 0.0135 0.9865 0.0 0.0 0.0 0.0 0.0 0.0 0.0 0.0 0.1081 0.7095 0.1824 0.0 0.0 0.0 0.0 0.0 0.0 0.0 0.0 0.9865 0.0135 0.0 0.0 0.0 0.0 0.0 0.0 0.0 0.1014 0.4459 0.4527 0.0 0.0 0.0 0.0 0.0 0.0 0.1014 0.1824 0.0878 0.5608 0.0676 0.0 0.0 0.0 0.027 0.0878 0.1689 0.0405 0.0946 0.5811 0.0 0.0 0.0 0.0 0.0 0.0 0.0608 0.2162 0.0811 0.3716 0.2703 0.0 0.0 0.0 0.0 0.0608 0.223 0.0743 0.277 0.3649 0.0 0.0 
0.0 0.0 0.0 0.0 0.0 0.1241 0.8414 0.0345 0.0 0.0 0.0 0.0 0.0 0.0621 0.0552 0.0138 0.3655 0.5034 0.0 0.0 0.0 0.0 0.0 0.0 0.0 0.0069 0.8207 0.1724 0.0 0.0 0.0 0.0 0.0 0.0 0.0138 0.1034 0.2414 0.6414 0.0 0.0 0.0 0.0 0.0 0.0 0.069 0.1724 0.0621 0.0138 0.6828 0.0 0.0 0.0414 0.0276 0.0276 0.0552 0.1172 0.5931 0.1379 0.0 0.0 0.0 0.0 0.0 0.0 0.0414 0.2069 0.0552 0.2483 0.4483 0.0 0.0 0.0 0.0 0.0414 0.1034 0.1379 0.6621 0.0552 0.0 0.0 
0.0 0.0 0.0 0.0 0.0 0.1875 0.8125 0.0 0.0 0.0 0.0 0.0 0.0 0.0 0.0 0.3929 0.6071 0.0 0.0 0.0 0.0 0.0 0.0 0.0 0.0 0.0357 0.8036 0.1607 0.0 0.0 0.0 0.0 0.0 0.0 0.0 0.0089 0.9911 0.0 0.0 0.0 0.0 0.0 0.0 0.0 0.1339 0.1964 0.3036 0.3661 0.0 0.0 0.0 0.0 0.0893 0.0179 0.1429 0.3839 0.3661 0.0 0.0 0.0 0.0 0.0 0.0 0.0089 0.2857 0.2321 0.0893 0.375 0.0089 0.0 0.0 0.0 0.0804 0.0893 0.3482 0.1161 0.3482 0.0179 0.0 0.0 
0.0 0.0 0.0 0.0 0.0 0.2345 0.7655 0.0 0.0 0.0 0.0 0.0 0.0 0.0 0.0 0.3379 0.6621 0.0 0.0 0.0 0.0 0.0 0.0 0.0 0.0 0.1103 0.8897 0.0 0.0 0.0 0.0 0.0 0.0 0.0 0.0 0.2069 0.7931 0.0 0.0 0.0 0.0 0.0 0.0 0.0 0.1172 0.469 0.0276 0.3862 0.0 0.0 0.0 0.0 0.0207 0.069 0.4138 0.1586 0.3379 0.0 0.0 0.0 0.0 0.0 0.0 0.0345 0.2483 0.2414 0.1034 0.3724 0.0 0.0 0.0 0.0 0.0621 0.0621 0.4138 0.1172 0.3448 0.0 0.0 0.0 
0.0 0.0 0.0 0.0 0.0 0.1143 0.8667 0.019 0.0 0.0 0.0 0.0 0.0 0.0 0.0476 0.1143 0.6286 0.2095 0.0 0.0 0.0 0.0 0.0 0.0 0.0 0.0667 0.5524 0.381 0.0 0.0 0.0 0.0 0.0 0.0 0.0 0.1238 0.3905 0.4857 0.0 0.0 0.0 0.0 0.0 0.0762 0.0762 0.2381 0.0381 0.4286 0.1429 0.0 0.0 0.0 0.0 0.1048 0.2857 0.0857 0.3143 0.1429 0.0667 0.0 0.0 0.0 0.0 0.0667 0.0762 0.2571 0.0286 0.3143 0.2571 0.0 0.0 0.0 0.0381 0.0667 0.0762 0.2381 0.1048 0.3333 0.1429 0.0 
0.0 0.0055 0.0 0.0 0.0 0.0 0.5275 0.2582 0.2088 0.0 0.0 0.0 0.0 0.0 0.0055 0.4011 0.2692 0.2747 0.0495 0.0 0.0 0.0 0.011 0.033 0.1264 0.3407 0.0934 0.3516 0.044 0.0 0.0 0.0 0.0 0.0 0.0 0.2363 0.3407 0.4121 0.011 0.0 0.0 0.0 0.0 0.0495 0.0934 0.1044 0.2747 0.1429 0.3352 0.0 0.0 0.0 0.044 0.0495 0.0934 0.1154 0.2692 0.4286 0.0 0.0 0.0 0.0 0.0165 0.0495 0.1099 0.0879 0.2857 0.2088 0.2418 0.0 0.0 0.0 0.0055 0.0934 0.1154 0.1813 0.3407 0.2582 0.0055 0.0 
0.0 0.0 0.0 0.0 0.0 0.0 0.5926 0.4074 0.0 0.0 0.0 0.0 0.0 0.0 0.0185 0.4167 0.3981 0.1667 0.0 0.0 0.0 0.0 0.0 0.0 0.0 0.1574 0.5741 0.2685 0.0 0.0 0.0 0.0 0.0 0.0 0.0556 0.2222 0.6019 0.1204 0.0 0.0 0.0 0.0 0.0 0.0093 0.3981 0.0278 0.0278 0.4074 0.1296 0.0 0.0 0.0 0.0 0.0648 0.3426 0.0556 0.3796 0.1574 0.0 0.0 0.0 0.0 0.0 0.0463 0.3704 0.0185 0.0278 0.3333 0.2037 0.0 0.0 0.0 0.0 0.0833 0.3426 0.1204 0.3426 0.1111 0.0 0.0 
0.0 0.0 0.0 0.0 0.0 0.032 0.176 0.792 0.0 0.0 0.0 0.0 0.0 0.0 0.024 0.144 0.304 0.528 0.0 0.0 0.0 0.0 0.0 0.0 0.0 0.064 0.424 0.512 0.0 0.0 0.0 0.0 0.0 0.0 0.056 0.4 0.2 0.344 0.0 0.0 0.0 0.0 0.024 0.088 0.088 0.28 0.048 0.056 0.416 0.0 0.0 0.0 0.048 0.08 0.112 0.256 0.08 0.288 0.136 0.0 0.0 0.0 0.008 0.096 0.312 0.064 0.048 0.04 0.432 0.0 0.0 0.0 0.032 0.08 0.36 0.008 0.096 0.312 0.112 0.0 
0.0 0.0 0.0 0.0 0.0 0.211 0.789 0.0 0.0 0.0 0.0 0.0 0.0 0.0 0.0917 0.3028 0.5046 0.1009 0.0 0.0 0.0 0.0 0.0 0.0 0.0 0.156 0.789 0.055 0.0 0.0 0.0 0.0 0.0 0.055 0.0826 0.3211 0.2661 0.2752 0.0 0.0 0.0 0.0 0.0 0.0367 0.4312 0.0367 0.0275 0.0734 0.3945 0.0 0.0 0.0 0.0367 0.4037 0.0275 0.0734 0.0459 0.2936 0.1193 0.0 0.0 0.0 0.0 0.0734 0.3945 0.0367 0.0459 0.211 0.2385 0.0 0.0 0.0 0.1193 0.3303 0.0183 0.0459 0.0734 0.3394 0.0734 0.0 
0.0 0.0 0.0 0.0 0.1119 0.0979 0.5105 0.2797 0.0 0.0 0.0 0.0 0.0 0.0 0.0559 0.2098 0.1818 0.3636 0.1888 0.0 0.0 0.0 0.0 0.0 0.1469 0.1608 0.5455 0.1469 0.0 0.0 0.0 0.0 0.0 0.0 0.042 0.3147 0.6084 0.035 0.0 0.0 0.0 0.0 0.0 0.1049 0.0559 0.1259 0.3776 0.0909 0.2448 0.0 0.0 0.021 0.0839 0.1469 0.3706 0.0699 0.049 0.035 0.2238 0.0 0.0 0.0 0.0 0.049 0.1399 0.2168 0.3007 0.049 0.2448 0.0 0.0 0.0 0.049 0.1259 0.1119 0.4126 0.042 0.049 0.2098 0.0 
0.0 0.0 0.0 0.0 0.0 0.0 0.0 0.5897 0.4103 0.0 0.0 0.0 0.0 0.0 0.0 0.0 0.0256 0.9231 0.0513 0.0 0.0 0.0 0.0 0.0 0.0 0.0 0.0128 0.1218 0.8269 0.0385 0.0 0.0 0.0 0.0 0.0 0.0 0.4808 0.2244 0.2949 0.0 0.0 0.0 0.0 0.0 0.0 0.0962 0.4038 0.141 0.0833 0.2756 0.0 0.0 0.0 0.0 0.0 0.0449 0.4936 0.1538 0.0385 0.2692 0.0 0.0 0.0 0.0 0.0 0.0064 0.1026 0.4872 0.109 0.2949 0.0 0.0 0.0 0.0 0.0 0.0321 0.4423 0.1795 0.2564 0.0897 
0.0 0.0 0.0 0.0 0.0 0.0 0.1919 0.5253 0.2828 0.0 0.0 0.0 0.0 0.0 0.0 0.101 0.4848 0.4141 0.0 0.0 0.0 0.0 0.0 0.0 0.0 0.0 0.0 0.5859 0.4141 0.0 0.0 0.0 0.0 0.0 0.0 0.0909 0.4646 0.2626 0.1818 0.0 0.0 0.0 0.0 0.0 0.0606 0.1212 0.1818 0.3232 0.0404 0.2727 0.0 0.0 0.0 0.0 0.0808 0.2323 0.2424 0.1414 0.0505 0.2525 0.0 0.0 0.0 0.0 0.101 0.1212 0.4343 0.0303 0.0505 0.2626 0.0 0.0 0.0 0.0 0.1212 0.1414 0.3939 0.0404 0.0707 0.2323 
0.0 0.0 0.0 0.0 0.0 0.0 0.6204 0.3796 0.0 0.0 0.0 0.0 0.0 0.0 0.0 0.537 0.1296 0.2593 0.0741 0.0 0.0 0.0 0.0 0.0 0.0 0.0 0.5741 0.2593 0.1667 0.0 0.0 0.0 0.0 0.0 0.0 0.0926 0.537 0.3704 0.0 0.0 0.0 0.0 0.0 0.0 0.0 0.5648 0.037 0.0463 0.213 0.1389 0.0 0.0 0.0185 0.0185 0.5185 0.0185 0.0648 0.25 0.1111 0.0 0.0 0.0 0.0 0.0 0.0093 0.5556 0.0185 0.0648 0.3519 0.0 0.0 0.0 0.0 0.0463 0.5 0.0278 0.0648 0.3426 0.0185 0.0 
0.0 0.0 0.0 0.0 0.0 0.3505 0.299 0.3505 0.0 0.0 0.0 0.0 0.0 0.0 0.0 0.5773 0.0722 0.3505 0.0 0.0 0.0 0.0 0.0 0.0 0.0 0.1031 0.5464 0.0928 0.2577 0.0 0.0 0.0 0.0 0.0 0.0 0.567 0.134 0.299 0.0 0.0 0.0 0.0 0.0 0.0 0.0 0.5876 0.0412 0.0412 0.1031 0.2268 0.0 0.0 0.0103 0.0309 0.0309 0.5258 0.0928 0.1856 0.1237 0.0 0.0 0.0 0.0 0.0 0.0 0.5876 0.0515 0.0515 0.2887 0.0206 0.0 0.0 0.0 0.0412 0.134 0.433 0.0412 0.3505 0.0 0.0 
0.0 0.0 0.0 0.0 0.0 0.0086 0.7759 0.2155 0.0 0.0 0.0 0.0 0.0 0.0 0.0 0.069 0.7672 0.1638 0.0 0.0 0.0 0.0 0.0 0.0 0.0 0.1552 0.6379 0.2069 0.0 0.0 0.0 0.0 0.0 0.0 0.0 0.2069 0.75 0.0431 0.0 0.0 0.0 0.0 0.0 0.0 0.0603 0.3707 0.2586 0.1121 0.1983 0.0 0.0 0.0 0.0 0.0172 0.4138 0.319 0.0603 0.1897 0.0 0.0 0.0 0.0 0.0 0.0 0.0086 0.2931 0.431 0.069 0.1983 0.0 0.0 0.0 0.0 0.0 0.4655 0.2845 0.0431 0.2069 0.0 0.0 
0.0 0.0 0.0 0.0 0.0 0.05 0.45 0.5 0.0 0.0 0.0 0.0 0.0 0.0 0.0 0.0722 0.8167 0.1111 0.0 0.0 0.0 0.0 0.0 0.0 0.0 0.0111 0.3444 0.6444 0.0 0.0 0.0 0.0 0.0 0.0 0.0 0.1222 0.8667 0.0111 0.0 0.0 0.0 0.0 0.0 0.0 0.0 0.0778 0.3722 0.05 0.5 0.0 0.0 0.0 0.0 0.05 0.15 0.2611 0.0278 0.5111 0.0 0.0 0.0 0.0 0.0 0.0 0.0056 0.0278 0.4222 0.1833 0.3611 0.0 0.0 0.0 0.0 0.0 0.0833 0.3611 0.1 0.4556 0.0 0.0 
0.0 0.0 0.0291 0.0407 0.0756 0.1279 0.314 0.3663 0.0465 0.0 0.0 0.0 0.0 0.0349 0.1453 0.3721 0.4477 0.0 0.0 0.0 0.0 0.0 0.0 0.0233 0.0814 0.4535 0.1744 0.2674 0.0 0.0 0.0 0.0 0.0 0.0523 0.1047 0.2733 0.2907 0.1512 0.1279 0.0 0.0 0.0233 0.0465 0.0407 0.0523 0.0407 0.314 0.2733 0.2093 0.0 0.0 0.0233 0.0581 0.0407 0.0581 0.064 0.3314 0.4128 0.0116 0.0 0.0 0.0058 0.0233 0.064 0.0465 0.0581 0.3488 0.0698 0.3605 0.0233 0.0 0.0174 0.0116 0.0756 0.0698 0.093 0.3663 0.3372 0.0291 0.0 
0.0 0.0 0.0284 0.0568 0.3864 0.0625 0.2784 0.0909 0.0966 0.0 0.0 0.0 0.0 0.108 0.375 0.1193 0.3466 0.0511 0.0 0.0 0.0 0.0 0.0398 0.0511 0.2614 0.0284 0.358 0.142 0.0852 0.0341 0.0 0.1477 0.1477 0.1705 0.108 0.1193 0.25 0.0398 0.017 0.0 0.0 0.0227 0.0398 0.0455 0.0227 0.0625 0.2102 0.0341 0.483 0.0795 0.0 0.0 0.0625 0.0455 0.0511 0.0739 0.1989 0.375 0.1932 0.0 0.0 0.0 0.0398 0.0455 0.0795 0.0511 0.108 0.125 0.5 0.0511 0.0 0.0 0.0682 0.0511 0.0341 0.0739 0.2102 0.3125 0.1932 0.0568 
0.0 0.0 0.0 0.0 0.0 0.0 0.3358 0.5 0.1642 0.0 0.0 0.0 0.0448 0.0746 0.0821 0.3881 0.209 0.2015 0.0 0.0 0.0 0.0 0.0 0.0 0.0 0.0896 0.1567 0.7537 0.0 0.0 0.0 0.0 0.0 0.0 0.097 0.1493 0.6866 0.0672 0.0 0.0 0.0 0.0 0.0 0.0 0.0522 0.097 0.1716 0.403 0.2761 0.0 0.0 0.0 0.0 0.0 0.0821 0.194 0.4254 0.0597 0.2388 0.0 0.0 0.0 0.0 0.0 0.0224 0.1119 0.1791 0.403 0.2836 0.0 0.0 0.0 0.0 0.0 0.0299 0.1119 0.5448 0.0896 0.2239 0.0 
0.0 0.0 0.0 0.0 0.0 0.0214 0.4357 0.5429 0.0 0.0 0.0 0.0 0.0 0.0 0.0 0.2643 0.3857 0.35 0.0 0.0 0.0 0.0 0.0 0.0 0.0 0.0 0.4214 0.2143 0.3643 0.0 0.0 0.0 0.0 0.0 0.0 0.3714 0.2357 0.3929 0.0 0.0 0.0 0.0 0.0 0.0 0.0071 0.3143 0.1643 0.0714 0.4429 0.0 0.0 0.0 0.0 0.0 0.0071 0.2857 0.2214 0.1143 0.3714 0.0 0.0 0.0 0.0 0.0 0.0071 0.3286 0.1714 0.0643 0.1429 0.2857 0.0 0.0 0.0 0.0 0.0357 0.3571 0.1286 0.0786 0.4 0.0 
0.0 0.0 0.0 0.0 0.0 0.1154 0.7462 0.1385 0.0 0.0 0.0 0.0 0.0 0.0 0.0 0.2615 0.5615 0.1769 0.0 0.0 0.0 0.0 0.0 0.0 0.0 0.2538 0.4692 0.2769 0.0 0.0 0.0 0.0 0.0 0.0 0.0 0.3308 0.5385 0.1308 0.0 0.0 0.0 0.0 0.0 0.0 0.3231 0.0692 0.0308 0.3 0.2769 0.0 0.0 0.0 0.0 0.2077 0.1769 0.0231 0.2 0.3923 0.0 0.0 0.0 0.0 0.0 0.0 0.3231 0.0615 0.0385 0.3308 0.2462 0.0 0.0 0.0 0.0 0.3 0.0923 0.0154 0.3077 0.2846 0.0 0.0 
0.0 0.0 0.0 0.0 0.0 0.1946 0.4027 0.3758 0.0268 0.0 0.0 0.0 0.0 0.0 0.0067 0.4966 0.1007 0.396 0.0 0.0 0.0 0.0 0.0 0.0 0.0 0.3826 0.5503 0.0671 0.0 0.0 0.0 0.0 0.0 0.0 0.0201 0.443 0.3221 0.2148 0.0 0.0 0.0 0.0 0.0 0.1544 0.2886 0.0336 0.0268 0.1275 0.3691 0.0 0.0 0.0 0.1275 0.2483 0.1007 0.0134 0.1275 0.3826 0.0 0.0 0.0 0.0 0.0 0.1141 0.302 0.0604 0.0268 0.1409 0.3557 0.0 0.0 0.0067 0.0336 0.3691 0.0134 0.0604 0.2013 0.3154 0.0 0.0 
