0.4954 0.156 0.0275 0.0275 0.0275 0.211 0.055 0.0 0.0 0.0 0.0 0.0734 0.2018 0.0275 0.0183 0.0275 0.0734 0.4587 0.1193 0.0 0.0 0.0 0.0826 0.9174 0.0 0.0 0.0 0.0 0.0 0.0 0.0092 0.0642 0.211 0.0092 0.0275 0.0183 0.055 0.0459 0.5138 0.0459 0.5138 0.1193 0.0459 0.0183 0.0183 0.0642 0.211 0.0092 0.0 0.0 0.0 0.0 0.0 0.0 0.0 0.0 0.5596 0.1101 0.2385 0.0917 0.0 0.0 0.055 0.2018 0.0367 0.0183 0.0183 0.0 0.0092 0.0917 0.0 0.0 0.0 0.0 0.2018 0.0183 0.0275 0.0092 0.0734 0.0 0.0 0.0 0.0 0.0 0.0 0.1743 0.0183 0.1193 0.1651 0.5229 0.0 0.0 0.0 0.0 0.0 0.1835 0.0092 0.1101 0.156 0.5413 
0.2547 0.2484 0.1677 0.0683 0.0683 0.0186 0.0311 0.1429 0.0 0.0 0.0 0.0124 0.1366 0.0248 0.0373 0.0497 0.0745 0.2547 0.236 0.1429 0.0 0.0 0.1491 0.7516 0.0994 0.0 0.0 0.0 0.0 0.0 0.0 0.0683 0.0994 0.0311 0.0311 0.0311 0.0683 0.2112 0.236 0.1988 0.0994 0.2733 0.1739 0.1242 0.0932 0.0186 0.0435 0.0373 0.1366 0.0 0.0 0.0 0.0 0.0 0.0062 0.087 0.2733 0.3478 0.2484 0.0373 0.0186 0.0186 0.1739 0.0186 0.0497 0.1056 0.0497 0.118 0.1056 0.0621 0.0 0.0 0.0186 0.0124 0.1988 0.0435 0.0311 0.0435 0.0559 0.0621 0.0 0.0 0.0 0.0 0.0 0.0 0.0 0.0 0.0994 0.2609 0.0 0.0 0.0 0.0 0.0 0.0 0.0 0.0 0.0311 0.2112 
0.2796 0.5054 0.0323 0.0215 0.0215 0.0108 0.1183 0.0108 0.0 0.0 0.1183 0.0215 0.0108 0.0108 0.0323 0.0215 0.4409 0.3226 0.0215 0.0 0.0 0.2151 0.6667 0.1183 0.0 0.0 0.0 0.0 0.0 0.0 0.0 0.0 0.0 0.129 0.0323 0.0323 0.086 0.3978 0.2688 0.0538 0.0753 0.5591 0.172 0.0215 0.0108 0.0108 0.0108 0.1183 0.0215 0.0 0.0 0.0 0.0 0.0 0.1398 0.7312 0.129 0.0 0.0 0.0 0.0 0.0968 0.043 0.0108 0.0 0.043 0.0968 0.1075 0.1075 0.1183 0.0 0.0 0.0 0.0 0.0108 0.0753 0.0645 0.0215 0.043 0.1075 0.0 0.0 0.0 0.0 0.0 0.0 0.2688 0.6774 0.0538 0.0 0.0 0.0 0.0 0.0 0.0 0.0 0.5054 0.4731 0.0215 0.0 
0.5163 0.3333 0.0131 0.0131 0.0131 0.0065 0.0131 0.0915 0.0 0.0 0.0 0.0 0.0588 0.0458 0.0065 0.0131 0.0065 0.0392 0.3987 0.4314 0.0131 0.1699 0.5098 0.281 0.0261 0.0 0.0 0.0 0.0 0.0 0.0 0.0196 0.0784 0.0065 0.0065 0.0065 0.0065 0.0131 0.1438 0.3529 0.1438 0.6732 0.0392 0.0131 0.0131 0.0065 0.0131 0.0065 0.0915 0.0 0.0 0.0 0.0 0.0392 0.0392 0.098 0.8235 0.0 0.0 0.0 0.0 0.0 0.098 0.0065 0.0065 0.0065 0.0458 0.098 0.2353 0.2026 0.0 0.0 0.0 0.0523 0.0523 0.0065 0.0065 0.0065 0.0261 0.098 0.0 0.0 0.0 0.0 0.0 0.0 0.0 0.3922 0.3529 0.2353 0.0 0.0 0.0 0.0 0.0 0.0 0.1569 0.5098 0.2157 0.0588 
0.0359 0.641 0.1026 0.0103 0.0051 0.0 0.0103 0.1949 0.0 0.0 0.0 0.0 0.2051 0.0051 0.0 0.0103 0.041 0.3846 0.3385 0.0154 0.8103 0.1795 0.0051 0.0051 0.0 0.0 0.0 0.0 0.0 0.0 0.0 0.1897 0.0103 0.0308 0.0154 0.0051 0.0103 0.2 0.5385 0.0 0.0 0.4205 0.2359 0.0872 0.0154 0.0154 0.0051 0.0615 0.159 0.0 0.0 0.0 0.0 0.1077 0.8462 0.0462 0.0 0.0 0.0 0.0 0.0051 0.2051 0.0256 0.1077 0.1949 0.1026 0.0564 0.0462 0.0615 0.0513 0.0205 0.0103 0.0051 0.2462 0.0974 0.1692 0.0821 0.0769 0.0564 0.0769 0.0 0.0 0.0 0.0051 0.0205 0.1179 0.5641 0.2718 0.0205 0.0 0.0 0.0 0.0 0.0 0.0 0.4205 0.5487 0.0308 0.0 0.0 
0.1495 0.3738 0.0561 0.028 0.0187 0.028 0.0327 0.3131 0.0 0.0 0.0 0.0 0.2196 0.1262 0.0187 0.0187 0.028 0.0701 0.2897 0.229 0.0 0.5421 0.3692 0.0888 0.0 0.0 0.0 0.0 0.0 0.0 0.0 0.0 0.215 0.0561 0.0654 0.0234 0.0607 0.0467 0.0794 0.3645 0.028 0.4206 0.0841 0.0421 0.0654 0.0374 0.0421 0.0701 0.2103 0.0 0.0 0.0 0.0 0.0 0.0 0.0 0.0514 0.8879 0.0607 0.0 0.0 0.3271 0.0701 0.0374 0.1449 0.1168 0.0467 0.0467 0.0467 0.028 0.0 0.0 0.0093 0.271 0.0748 0.0888 0.1402 0.1402 0.0607 0.0654 0.0 0.0 0.0 0.0 0.0 0.0 0.3411 0.6589 0.0 0.0 0.0 0.0 0.0 0.0 0.0093 0.0701 0.271 0.6495 0.0 0.0 
0.1164 0.0635 0.1481 0.3069 0.1376 0.1058 0.0053 0.1164 0.0 0.0 0.0794 0.0423 0.1587 0.164 0.2857 0.0794 0.0794 0.0899 0.0212 0.0 0.0 0.0 0.0847 0.3016 0.3175 0.2751 0.0212 0.0 0.0 0.0 0.0 0.0 0.0 0.0265 0.3122 0.1852 0.2063 0.0899 0.164 0.0159 0.0212 0.127 0.2328 0.4444 0.0794 0.0106 0.0212 0.0265 0.037 0.0 0.0 0.0 0.0 0.0265 0.1164 0.3016 0.5556 0.0 0.0 0.0 0.2381 0.0847 0.3333 0.0847 0.0317 0.0265 0.037 0.0635 0.0317 0.0265 0.0 0.0265 0.0265 0.1481 0.0476 0.0794 0.0476 0.1323 0.1058 0.0741 0.0 0.0 0.0 0.0423 0.4656 0.3016 0.1905 0.0 0.0 0.0 0.0 0.0 0.0 0.1005 0.1005 0.2487 0.3704 0.1429 0.0212 0.0159 
0.0415 0.2228 0.0933 0.2228 0.0881 0.057 0.1865 0.0829 0.0052 0.0 0.0 0.0 0.0674 0.2176 0.0829 0.1088 0.0622 0.0363 0.3523 0.0725 0.0104 0.0725 0.4404 0.3886 0.0881 0.0 0.0 0.0 0.0 0.0 0.0155 0.0777 0.171 0.1606 0.057 0.0363 0.0777 0.0933 0.0415 0.2228 0.057 0.2021 0.057 0.1554 0.0466 0.0363 0.0259 0.1503 0.0777 0.1451 0.1969 0.0 0.0 0.0881 0.1606 0.2383 0.1192 0.1969 0.0 0.0 0.1347 0.0829 0.1347 0.0984 0.0881 0.0622 0.0933 0.0311 0.0725 0.0674 0.0 0.0 0.0363 0.1192 0.1036 0.1088 0.1244 0.0518 0.057 0.0881 0.0 0.0 0.0 0.0 0.0 0.0104 0.2124 0.0622 0.114 0.3782 0.0 0.0 0.0 0.0 0.0052 0.0207 0.057 0.2021 0.5181 0.0777 
0.1034 0.4569 0.0345 0.0431 0.0431 0.2586 0.0603 0.0 0.0 0.0 0.0 0.1724 0.1379 0.0172 0.0603 0.0431 0.1293 0.4224 0.0172 0.0 0.0 0.0 0.0 0.5431 0.319 0.0345 0.1034 0.0 0.0 0.0 0.0 0.0776 0.069 0.1897 0.0259 0.0603 0.0431 0.4052 0.1293 0.0 0.0172 0.5259 0.0517 0.0603 0.1897 0.0345 0.1207 0.0 0.0 0.0 0.0 0.0 0.0 0.0 0.0948 0.4655 0.4397 0.0 0.0 0.0 0.0 0.0 0.2241 0.181 0.0259 0.0345 0.069 0.1121 0.0776 0.0517 0.0 0.0 0.0 0.0086 0.1897 0.1034 0.1466 0.0172 0.0345 0.0603 0.0 0.0 0.0 0.0 0.1207 0.0172 0.25 0.0862 0.5259 0.0 0.0 0.0 0.0 0.0 0.0086 0.2069 0.1638 0.0862 0.5345 0.0 
0.2264 0.4654 0.2201 0.0314 0.0252 0.0314 0.0 0.0 0.0 0.0 0.0 0.0 0.0 0.0 0.0189 0.0377 0.0314 0.1509 0.3774 0.3836 0.0 0.3459 0.4088 0.2264 0.0189 0.0 0.0 0.0 0.0 0.0 0.0 0.0 0.0 0.0 0.0 0.0 0.0881 0.1509 0.2893 0.3585 0.1132 0.4025 0.3082 0.0943 0.0818 0.0 0.0 0.0 0.0 0.0 0.0 0.0 0.0 0.0 0.0 0.2327 0.522 0.2453 0.0 0.0 0.0755 0.0252 0.0252 0.0755 0.0566 0.0755 0.0755 0.0943 0.0692 0.0881 0.0 0.0189 0.0189 0.0126 0.0755 0.0377 0.0692 0.0629 0.0566 0.0818 0.0 0.0 0.0 0.0 0.0 0.0 0.0314 0.2327 0.5031 0.1509 0.0 0.0 0.0 0.0 0.0 0.0 0.0126 0.283 0.4277 0.1698 
0.0837 0.4631 0.2512 0.0099 0.0197 0.0148 0.1527 0.0049 0.0 0.0 0.0 0.0099 0.0 0.1478 0.0296 0.0345 0.1281 0.4877 0.1281 0.0345 0.0 0.0 0.9655 0.0345 0.0 0.0 0.0 0.0 0.0 0.0 0.0 0.0 0.0 0.0 0.0 0.0443 0.202 0.4335 0.3202 0.0 0.0246 0.5123 0.2463 0.2069 0.0099 0.0 0.0 0.0 0.0 0.0 0.0 0.0 0.0 0.0 0.133 0.601 0.266 0.0 0.0 0.0 0.1527 0.0394 0.0148 0.0296 0.0443 0.0148 0.0542 0.0887 0.0394 0.0443 0.0 0.0 0.0 0.0 0.1675 0.0 0.0345 0.0542 0.0887 0.0493 0.0 0.0 0.0 0.0 0.0 0.0 0.0 0.3399 0.6601 0.0 0.0 0.0 0.0 0.0 0.0 0.0 0.0 0.3399 0.6601 0.0 
0.3041 0.4742 0.0361 0.0 0.0052 0.0 0.0773 0.067 0.0361 0.0 0.0 0.0258 0.0722 0.0773 0.0052 0.0 0.0052 0.0155 0.4278 0.2784 0.0 0.4175 0.5825 0.0 0.0 0.0 0.0 0.0 0.0 0.0 0.0 0.0 0.134 0.0412 0.0052 0.0052 0.0 0.0052 0.2371 0.3866 0.1082 0.3711 0.3299 0.0052 0.0 0.0052 0.0052 0.1031 0.0722 0.0 0.0 0.0 0.0 0.0 0.0258 0.0464 0.6753 0.2526 0.0 0.0 0.0309 0.067 0.0361 0.0412 0.0309 0.0412 0.0309 0.0103 0.0722 0.0825 0.0 0.0 0.0 0.1082 0.0773 0.0052 0.0 0.0258 0.0155 0.0825 0.0 0.0 0.0 0.0 0.0 0.0 0.0 0.0 0.6649 0.3093 0.0 0.0 0.0 0.0 0.0 0.0 0.0 0.0 0.6495 0.3144 
0.0 0.0 0.0 0.0 0.0 0.0 0.8762 0.1238 0.0 0.0 0.0476 0.9524 0.0 0.0 0.0 0.0 0.0 0.0 0.0 0.0 0.0 0.0 0.0 0.2 0.7048 0.0952 0.0 0.0 0.0 0.0 0.0 0.019 0.1524 0.2 0.2762 0.0286 0.0286 0.0381 0.1333 0.1238 0.0 0.1524 0.1238 0.0381 0.0381 0.3143 0.2952 0.019 0.019 0.0 0.0 0.0 0.0 0.0 0.0 0.0 0.0476 0.9429 0.0095 0.0 0.0 0.0 0.2667 0.7333 0.0 0.0 0.0 0.0 0.0 0.0 0.0 0.0 0.0 0.0 0.4 0.2381 0.0571 0.019 0.019 0.0286 0.0 0.0 0.0 0.0 0.0 0.0 0.0 1.0 0.0 0.0 0.0 0.3905 0.6 0.0095 0.0 0.0 0.0 0.0 0.0 0.0 
0.0 0.0 0.0 0.0 0.0526 0.5263 0.0211 0.2211 0.1684 0.0105 0.0526 0.1684 0.1895 0.0211 0.0105 0.5579 0.0 0.0 0.0 0.0 0.0 0.0 0.0526 0.9474 0.0 0.0 0.0 0.0 0.0 0.0 0.0 0.0 0.3789 0.1263 0.0211 0.0105 0.0211 0.0211 0.1263 0.2947 0.0 0.0737 0.3474 0.0211 0.0211 0.0105 0.0316 0.0526 0.4421 0.0 0.0 0.0 0.0 0.0 0.0 0.0105 0.0 0.0 0.5684 0.3684 0.3474 0.0842 0.0105 0.0 0.0737 0.0105 0.1895 0.2842 0.0 0.0 0.0 0.0 0.0 0.0 0.0211 0.1053 0.3579 0.1895 0.0842 0.0421 0.0 0.0 0.0 0.0 0.0 0.0 0.0 0.0 0.0 0.0 0.0 0.0 0.0 0.0 0.0 0.0 0.0 0.0 0.0 0.0316 
0.0 0.0526 0.0 0.0 0.0 0.0 0.7018 0.2456 0.0 0.0 0.0 0.6842 0.2281 0.0351 0.0 0.0175 0.0351 0.0 0.0 0.0 0.0 0.0 0.1754 0.8246 0.0 0.0 0.0 0.0 0.0 0.0 0.0 0.0 0.0 0.0 0.0 0.0 0.0877 0.4561 0.4561 0.0 0.0351 0.8596 0.1053 0.0 0.0 0.0 0.0 0.0 0.0 0.0 0.0 0.0 0.0 0.0 0.0 1.0 0.0 0.0 0.0 0.0 0.0175 0.1053 0.5614 0.2632 0.0 0.0175 0.0351 0.0 0.0 0.0 0.0 0.0 0.0 0.0 0.0 0.0 0.1228 0.6667 0.0702 0.0351 0.0 0.0 0.0 0.0 0.0 0.0 0.0 0.1404 0.8246 0.0351 0.0 0.0 0.0 0.0 0.0 0.2807 0.2807 0.1579 0.2807 0.0 
0.0 0.0 0.0392 0.0784 0.1176 0.0588 0.3529 0.3529 0.0 0.0 0.0 0.0 0.4118 0.0784 0.2157 0.0784 0.0392 0.1569 0.0196 0.0 0.098 0.5882 0.2549 0.0588 0.0 0.0 0.0 0.0 0.0 0.0 0.0 0.0392 0.0392 0.2353 0.0196 0.0196 0.0392 0.0588 0.0588 0.4706 0.0588 0.3922 0.0588 0.0392 0.0588 0.0392 0.1569 0.1176 0.0784 0.0 0.0 0.0 0.0 0.0 0.0 0.0 0.0 0.0784 0.4314 0.3725 0.1961 0.0588 0.4118 0.1961 0.0 0.0 0.0 0.0 0.0 0.0392 0.0 0.0 0.0 0.0 0.0392 0.1176 0.098 0.098 0.0196 0.0196 0.0 0.0 0.0 0.0 0.0 0.0588 0.2941 0.451 0.1961 0.0 0.0 0.0 0.0 0.0 0.0 0.0 0.0784 0.7059 0.2157 0.0 
0.0 0.0 0.0 0.0 0.0 0.0 0.016 0.984 0.0 0.0 0.0 0.568 0.432 0.0 0.0 0.0 0.0 0.0 0.0 0.0 0.984 0.016 0.0 0.0 0.0 0.0 0.0 0.0 0.0 0.0 0.28 0.032 0.024 0.032 0.024 0.168 0.288 0.152 0.0 0.0 0.0 0.072 0.408 0.128 0.032 0.048 0.0 0.184 0.128 0.0 0.0 0.0 0.0 0.0 0.0 1.0 0.0 0.0 0.0 0.0 0.888 0.112 0.0 0.0 0.0 0.0 0.0 0.0 0.0 0.0 0.0 0.0 0.08 0.304 0.392 0.128 0.04 0.032 0.016 0.008 0.0 0.0 0.0 0.0 0.0 0.032 0.816 0.152 0.0 0.0 0.0 0.0 0.0 0.0 0.064 0.12 0.176 0.632 0.008 0.0 
0.0 0.0 0.0 0.0 0.0 0.0 0.0 0.319 0.681 0.0 0.0 0.1121 0.8879 0.0 0.0 0.0 0.0 0.0 0.0 0.0 0.0 1.0 0.0 0.0 0.0 0.0 0.0 0.0 0.0 0.0 0.0 0.0862 0.4569 0.0259 0.0172 0.0345 0.0776 0.0431 0.0345 0.2241 0.0 0.2155 0.0431 0.1034 0.0259 0.0259 0.0259 0.0776 0.4828 0.0 0.0 0.0 0.0 0.0 0.0 0.1379 0.7759 0.0862 0.0 0.0 0.0 0.2586 0.6466 0.0948 0.0 0.0 0.0 0.0 0.0 0.0 0.0 0.0 0.1293 0.2155 0.25 0.1724 0.0862 0.0517 0.0259 0.0172 0.0 0.0 0.0 0.0 0.0 0.0 0.0 0.8621 0.1379 0.0 0.0 0.0 0.0 0.0 0.0 0.0 0.2672 0.6293 0.1034 0.0 
0.0 0.0 0.0 0.0 0.0172 0.4483 0.5345 0.0 0.0 0.0 0.0 0.0 0.0 0.0 0.0 0.0086 0.5086 0.4828 0.0 0.0 0.0 0.0 0.9397 0.0603 0.0 0.0 0.0 0.0 0.0 0.0 0.1466 0.3621 0.1034 0.0259 0.0603 0.2155 0.0862 0.0 0.0 0.0 0.0 0.1552 0.2069 0.0345 0.1638 0.2845 0.1379 0.0172 0.0 0.0 0.0 0.0 0.0 0.0 0.0 0.7845 0.2155 0.0 0.0 0.0 0.0948 0.2845 0.0862 0.3017 0.1897 0.0259 0.0172 0.0 0.0 0.0 0.0 0.0 0.0 0.069 0.0172 0.0086 0.069 0.181 0.2931 0.1552 0.0 0.0 0.0 0.0 0.0 0.0 0.0 0.6724 0.3276 0.0 0.0 0.0 0.0 0.0 0.0 0.0 0.069 0.2155 0.069 0.6207 
0.0 0.0 0.0 0.0 0.0 0.0 0.0 0.56 0.44 0.0 0.0 0.472 0.528 0.0 0.0 0.0 0.0 0.0 0.0 0.0 0.0 0.0 1.0 0.0 0.0 0.0 0.0 0.0 0.0 0.0 0.0 0.12 0.048 0.072 0.488 0.128 0.096 0.032 0.016 0.0 0.0 0.0 0.0 0.04 0.048 0.216 0.496 0.04 0.16 0.0 0.0 0.0 0.0 0.0 0.0 0.0 0.0 1.0 0.0 0.0 0.0 0.0 1.0 0.0 0.0 0.0 0.0 0.0 0.0 0.0 0.0 0.0 0.016 0.208 0.232 0.328 0.168 0.04 0.008 0.0 0.0 0.0 0.0 0.0 0.0 0.0 0.0 0.0 0.32 0.68 0.0 0.0 0.0 0.0 0.0 0.0 0.0 0.0 0.936 0.064 
0.0164 0.2705 0.1803 0.1557 0.0574 0.0738 0.2459 0.0 0.0 0.0 0.0 0.0 0.2951 0.082 0.1721 0.1475 0.0902 0.2131 0.0 0.0 0.0 0.0 0.0 0.3852 0.6148 0.0 0.0 0.0 0.0 0.0 0.0 0.1311 0.3115 0.0738 0.0738 0.0492 0.1311 0.1967 0.0328 0.0 0.0082 0.1475 0.1639 0.123 0.0574 0.1721 0.1885 0.1393 0.0 0.0 0.0 0.0 0.0 0.0 0.0 0.0 0.6885 0.2541 0.0574 0.0 0.0082 0.0082 0.082 0.3607 0.2623 0.2787 0.0 0.0 0.0 0.0 0.0 0.0 0.0 0.0 0.082 0.4016 0.041 0.0246 0.0492 0.123 0.0 0.0 0.0 0.0 0.0 0.0 0.3279 0.4754 0.1967 0.0 0.0 0.0 0.0 0.0 0.0164 0.0738 0.5574 0.2541 0.0984 0.0 
0.0 0.0693 0.3069 0.3267 0.1485 0.0495 0.0693 0.0297 0.0 0.0 0.0 0.0 0.0396 0.0594 0.1188 0.0792 0.3069 0.1386 0.2574 0.0 0.0 0.0 0.9703 0.0297 0.0 0.0 0.0 0.0 0.0 0.0 0.0 0.0 0.4554 0.0495 0.0495 0.0198 0.0297 0.0297 0.0396 0.1287 0.0 0.1188 0.1881 0.0594 0.0297 0.0297 0.0297 0.0792 0.4455 0.0198 0.0 0.0 0.0 0.0 0.0 0.0 0.0 0.2277 0.5545 0.2178 0.099 0.4554 0.1683 0.2079 0.0693 0.0 0.0 0.0 0.0 0.0 0.0 0.0 0.0891 0.0297 0.2772 0.1584 0.0792 0.0297 0.1485 0.0495 0.0 0.0 0.0 0.0 0.0 0.0 0.0 0.0 0.604 0.396 0.0 0.0 0.0 0.0 0.0 0.0 0.0 0.0 0.5842 0.4158 
0.0 0.0 0.0 0.0 0.0 0.2 0.8 0.0 0.0 0.0 0.7667 0.2333 0.0 0.0 0.0 0.0 0.0 0.0 0.0 0.0 0.0 0.0 0.0 0.0 0.0 1.0 0.0 0.0 0.0 0.0 0.1583 0.6333 0.075 0.0917 0.0417 0.0 0.0 0.0 0.0 0.0 0.0 0.0 0.0 0.05 0.075 0.4167 0.45 0.0083 0.0 0.0 0.0 0.0 0.0 0.0 0.0 1.0 0.0 0.0 0.0 0.0 0.0 0.0 0.0333 0.9667 0.0 0.0 0.0 0.0 0.0 0.0 0.0 0.0 0.0 0.2583 0.325 0.2917 0.025 0.0167 0.0083 0.0083 0.0 0.0 0.0 0.0 0.75 0.25 0.0 0.0 0.0 0.0 0.0 0.0 0.0 0.775 0.1583 0.0667 0.0 0.0 0.0 0.0 
0.0 0.0 0.0 0.0 0.0 0.1509 0.0126 0.5283 0.3082 0.0 0.0 0.1635 0.6352 0.0503 0.1509 0.0 0.0 0.0 0.0 0.0 0.0 0.1384 0.8616 0.0 0.0 0.0 0.0 0.0 0.0 0.0 0.0 0.0189 0.6792 0.0881 0.044 0.0755 0.0755 0.0189 0.0 0.0 0.0 0.0 0.0 0.0252 0.1069 0.0377 0.0566 0.3899 0.3836 0.0 0.0 0.0 0.0 0.0 0.0 0.0 0.0 1.0 0.0 0.0 0.0 0.4843 0.2893 0.0755 0.1509 0.0 0.0 0.0 0.0 0.0 0.0 0.0 0.0881 0.6226 0.1447 0.0566 0.0126 0.0126 0.0063 0.0063 0.0 0.0 0.0 0.0 0.0 0.0 0.0 0.0 0.6415 0.3585 0.0 0.0 0.0 0.0 0.0 0.0 0.0 0.1258 0.8742 0.0 
0.0 0.0 0.0 0.0498 0.2836 0.3731 0.1692 0.0299 0.0945 0.0 0.0348 0.0299 0.3134 0.0597 0.1194 0.3433 0.0796 0.0199 0.0 0.0 0.1542 0.0995 0.3781 0.3582 0.01 0.0 0.0 0.0 0.0 0.0 0.0249 0.1144 0.3333 0.1493 0.2886 0.0647 0.0249 0.0 0.0 0.0 0.0 0.0 0.0 0.0 0.0199 0.3333 0.4876 0.1244 0.0348 0.0 0.0 0.0 0.005 0.01 0.0398 0.194 0.4627 0.2637 0.0199 0.005 0.1841 0.0746 0.2985 0.0597 0.3085 0.0647 0.01 0.0 0.0 0.0 0.0 0.005 0.209 0.1741 0.0846 0.0697 0.2836 0.0697 0.0647 0.01 0.0 0.0 0.0 0.0 0.0 0.0 0.0796 0.5124 0.1443 0.2388 0.0 0.0 0.0 0.0149 0.0697 0.2736 0.3483 0.1095 0.0448 0.0547 
0.0 0.1947 0.0053 0.0895 0.0632 0.1105 0.2 0.3368 0.0 0.0 0.0053 0.2421 0.3526 0.0895 0.0316 0.0263 0.0579 0.0 0.1789 0.0158 0.0105 0.3316 0.4263 0.1105 0.0632 0.0158 0.0263 0.0053 0.0053 0.0 0.0053 0.4 0.2737 0.2421 0.0263 0.0 0.0105 0.0158 0.0263 0.0 0.0 0.0 0.0 0.0263 0.0263 0.0789 0.1842 0.2211 0.4368 0.0053 0.0684 0.0211 0.0211 0.0316 0.1211 0.1 0.2105 0.1 0.1842 0.1421 0.0053 0.0368 0.4947 0.0684 0.0474 0.0526 0.0421 0.0 0.0158 0.0789 0.0 0.0 0.0421 0.1 0.4105 0.0263 0.0421 0.0158 0.0105 0.0105 0.0 0.0 0.0 0.0947 0.0053 0.0105 0.0737 0.0842 0.1211 0.2474 0.0 0.0 0.0211 0.0263 0.0263 0.1 0.1789 0.1474 0.1 0.0737 
0.0462 0.0231 0.0923 0.0308 0.0923 0.2692 0.3846 0.0615 0.0 0.0 0.4231 0.2923 0.0154 0.0769 0.0538 0.0769 0.0615 0.0 0.0 0.0 0.0308 0.0308 0.1692 0.2 0.1462 0.2 0.1385 0.0462 0.0385 0.0 0.2615 0.3769 0.0923 0.0538 0.1077 0.0615 0.0 0.0077 0.0077 0.0308 0.0 0.0231 0.0077 0.0308 0.0308 0.1 0.2077 0.3846 0.1846 0.0231 0.0 0.0769 0.3462 0.0769 0.1769 0.3231 0.0 0.0 0.0 0.0 0.0923 0.1154 0.1 0.2154 0.2769 0.2 0.0 0.0 0.0 0.0 0.0 0.0154 0.1231 0.1231 0.2538 0.0 0.0231 0.0538 0.1538 0.1385 0.0 0.0 0.0 0.0231 0.3615 0.0692 0.1769 0.3615 0.0077 0.0 0.0 0.0 0.0 0.0231 0.0385 0.0385 0.2692 0.1462 0.2538 0.2231 
0.0 0.0 0.0058 0.0349 0.0523 0.1919 0.1512 0.2093 0.2674 0.0872 0.0291 0.4884 0.2035 0.1047 0.0988 0.0465 0.0233 0.0058 0.0 0.0 0.0 0.0814 0.186 0.1337 0.0872 0.0407 0.0174 0.0174 0.0116 0.0058 0.1512 0.157 0.1395 0.0814 0.186 0.093 0.0814 0.0523 0.0581 0.0 0.0058 0.3314 0.1628 0.0581 0.1163 0.0349 0.0291 0.25 0.0116 0.0 0.1105 0.0233 0.0756 0.0814 0.1512 0.0872 0.1919 0.2674 0.0058 0.0058 0.1453 0.1047 0.1919 0.1047 0.1105 0.1512 0.1047 0.0581 0.0058 0.0116 0.0 0.0174 0.0233 0.0465 0.0872 0.2907 0.1686 0.1221 0.064 0.1512 0.0 0.0 0.0 0.0 0.0116 0.0581 0.1453 0.2209 0.2384 0.0581 0.4186 0.0698 0.0291 0.0349 0.0174 0.0291 0.1163 0.2616 0.0116 0.0116 
0.0 0.0 0.0 0.0 0.0764 0.3889 0.2847 0.25 0.0 0.0 0.0139 0.2014 0.2639 0.2361 0.2639 0.0208 0.0 0.0 0.0 0.0 0.2014 0.3472 0.25 0.1111 0.0903 0.0 0.0 0.0 0.0 0.0 0.0 0.0 0.1667 0.0764 0.1528 0.0556 0.0069 0.1319 0.2431 0.1667 0.0 0.0903 0.375 0.0347 0.0 0.1875 0.1458 0.0139 0.1528 0.0 0.0139 0.0139 0.1597 0.4931 0.3194 0.0 0.0 0.0 0.0 0.0 0.1875 0.2083 0.2917 0.2292 0.0833 0.0 0.0 0.0 0.0 0.0 0.0 0.0 0.0 0.0139 0.3542 0.3056 0.1736 0.0972 0.0208 0.0347 0.0 0.0069 0.0347 0.1042 0.0139 0.0417 0.0556 0.0764 0.4236 0.1111 0.0 0.0 0.0 0.1181 0.1458 0.1806 0.2292 0.2986 0.0278 0.0 
0.0 0.0 0.0393 0.0337 0.1067 0.3034 0.264 0.2472 0.0 0.0056 0.0 0.0393 0.3764 0.1798 0.2247 0.0955 0.0449 0.0112 0.0281 0.0 0.1292 0.3371 0.0674 0.1854 0.1404 0.0674 0.0337 0.0169 0.0112 0.0056 0.0 0.0 0.2528 0.1629 0.0787 0.2528 0.1685 0.0787 0.0056 0.0 0.0 0.0281 0.2865 0.0787 0.0281 0.1798 0.118 0.1292 0.1517 0.0 0.0899 0.0449 0.0281 0.0562 0.1011 0.1798 0.3034 0.1685 0.0281 0.0 0.1011 0.3202 0.3202 0.0955 0.1067 0.0449 0.0112 0.0 0.0 0.0 0.0 0.0 0.0169 0.1966 0.1404 0.0843 0.1966 0.073 0.0843 0.1124 0.0 0.0 0.0112 0.0393 0.0674 0.0449 0.0618 0.4438 0.2191 0.0955 0.0 0.0 0.0281 0.0281 0.0618 0.1236 0.2472 0.3539 0.1067 0.0393 
0.0 0.0168 0.2626 0.1955 0.1508 0.0391 0.1453 0.1899 0.0 0.0 0.1173 0.1285 0.1061 0.067 0.0838 0.1564 0.2849 0.0559 0.0 0.0 0.0 0.0 0.0223 0.4525 0.1173 0.0391 0.0223 0.0056 0.0168 0.0503 0.0391 0.2291 0.0335 0.1285 0.2235 0.1676 0.1173 0.0615 0.0 0.0 0.0 0.0 0.0 0.1453 0.1676 0.2123 0.257 0.1955 0.0112 0.0112 0.0 0.1229 0.1285 0.2123 0.162 0.1229 0.2514 0.0 0.0 0.0 0.0 0.1229 0.2235 0.095 0.1899 0.257 0.0726 0.0391 0.0 0.0 0.0503 0.0056 0.0168 0.0279 0.1061 0.0838 0.1676 0.1955 0.0279 0.1899 0.0 0.0056 0.1341 0.2067 0.1564 0.1285 0.2458 0.1229 0.0 0.0 0.0559 0.0615 0.1006 0.1173 0.1453 0.2961 0.067 0.0335 0.0223 0.0782 
0.0243 0.1019 0.1796 0.1602 0.1214 0.0825 0.0631 0.2233 0.0291 0.0146 0.0 0.1068 0.2427 0.2039 0.2621 0.1359 0.0388 0.0049 0.0049 0.0 0.0 0.0243 0.2913 0.1553 0.0194 0.0049 0.0146 0.068 0.0243 0.0243 0.0 0.068 0.3301 0.165 0.1505 0.0485 0.0437 0.1553 0.034 0.0049 0.0 0.0874 0.0534 0.1068 0.2379 0.1068 0.0777 0.1068 0.2184 0.0049 0.2767 0.034 0.0534 0.0146 0.0146 0.0971 0.165 0.2524 0.0922 0.0 0.1553 0.2573 0.0534 0.0971 0.0874 0.0825 0.0485 0.0777 0.0728 0.0146 0.0049 0.034 0.0583 0.034 0.3058 0.2379 0.1553 0.0437 0.0485 0.0388 0.0 0.0 0.0 0.0097 0.0777 0.1359 0.2476 0.1845 0.2816 0.0534 0.0 0.0 0.0 0.034 0.1359 0.1068 0.1214 0.2039 0.3301 0.068 
0.0 0.0108 0.0378 0.0432 0.0541 0.1838 0.1405 0.2378 0.2216 0.0703 0.1405 0.3405 0.1081 0.1027 0.1135 0.027 0.1189 0.0324 0.0162 0.0 0.0703 0.3351 0.1351 0.4108 0.027 0.0108 0.0 0.0108 0.0 0.0 0.5297 0.2054 0.1081 0.1081 0.0216 0.027 0.0 0.0 0.0 0.0 0.0 0.0 0.0 0.0 0.0 0.027 0.1514 0.3459 0.1784 0.2378 0.0378 0.0595 0.0757 0.0162 0.1892 0.2757 0.2973 0.0486 0.0 0.0 0.2703 0.3514 0.1135 0.0649 0.0378 0.0162 0.0054 0.0054 0.0 0.0 0.0216 0.1189 0.1892 0.1514 0.0757 0.2541 0.0324 0.0378 0.0432 0.0486 0.0 0.0 0.0 0.0 0.0 0.0432 0.2216 0.4108 0.1027 0.1622 0.0 0.0 0.0 0.0216 0.0054 0.0757 0.2162 0.1459 0.4108 0.0757 
0.0 0.0 0.0106 0.1429 0.2328 0.164 0.0476 0.3598 0.0423 0.0 0.1111 0.164 0.5079 0.1693 0.037 0.0053 0.0053 0.0 0.0 0.0 0.0635 0.2593 0.2434 0.1111 0.1058 0.0106 0.0106 0.0212 0.037 0.037 0.0265 0.0529 0.1852 0.254 0.1005 0.0688 0.0741 0.0688 0.0952 0.0688 0.0476 0.0265 0.0529 0.1164 0.0582 0.1111 0.0899 0.291 0.1429 0.0529 0.0 0.0053 0.0212 0.0529 0.0476 0.1429 0.1587 0.4074 0.0317 0.1323 0.1746 0.2698 0.3228 0.1323 0.0476 0.0529 0.0 0.0 0.0 0.0 0.0053 0.1323 0.1852 0.2487 0.254 0.0423 0.0106 0.037 0.0476 0.0265 0.1376 0.0317 0.0317 0.0476 0.0423 0.0106 0.0476 0.1005 0.4021 0.0741 0.0 0.0 0.0 0.0 0.0053 0.0476 0.164 0.1587 0.5026 0.1217 
0.0 0.0109 0.3641 0.2337 0.0707 0.0815 0.2228 0.0163 0.0 0.0 0.0 0.1902 0.0272 0.038 0.1359 0.163 0.4348 0.0109 0.0 0.0 0.0435 0.1141 0.1196 0.2772 0.0435 0.0435 0.0978 0.0815 0.1576 0.0217 0.0543 0.4674 0.1522 0.0652 0.0978 0.125 0.0326 0.0054 0.0 0.0 0.0 0.0 0.0 0.0 0.0 0.0 0.2989 0.3587 0.2663 0.0761 0.0217 0.125 0.2772 0.1304 0.1522 0.2609 0.0272 0.0054 0.0 0.0 0.0761 0.0109 0.1033 0.4891 0.1793 0.0652 0.0761 0.0 0.0 0.0 0.0 0.0054 0.0326 0.0652 0.1576 0.212 0.1304 0.1033 0.0543 0.0489 0.0 0.0 0.0054 0.0163 0.0163 0.1467 0.3967 0.2935 0.0707 0.0272 0.2554 0.2609 0.0217 0.0109 0.0109 0.288 0.087 0.0435 0.0217 0.0 
0.0 0.0055 0.0275 0.0879 0.1374 0.1264 0.1758 0.3736 0.0495 0.011 0.0 0.0604 0.3736 0.0934 0.0934 0.1703 0.1484 0.033 0.0165 0.011 0.0659 0.3681 0.1538 0.2363 0.0989 0.033 0.0055 0.011 0.0165 0.0 0.1593 0.2473 0.3901 0.1099 0.0549 0.0275 0.0 0.0 0.011 0.0 0.0165 0.033 0.0604 0.0659 0.1593 0.1429 0.0879 0.1593 0.2747 0.0 0.1593 0.0659 0.0495 0.0824 0.044 0.1209 0.1593 0.3022 0.0 0.0165 0.0055 0.2033 0.1099 0.1319 0.0879 0.0989 0.0879 0.0879 0.0879 0.0495 0.0055 0.022 0.1209 0.4011 0.2198 0.0604 0.0604 0.0549 0.0165 0.0165 0.0 0.0 0.0165 0.1044 0.1264 0.1429 0.0934 0.1154 0.3132 0.0495 0.0 0.0165 0.033 0.0989 0.0824 0.1593 0.1758 0.3077 0.1209 0.0055 
0.0545 0.0195 0.0078 0.0 0.1167 0.1323 0.1673 0.2763 0.2218 0.0039 0.0039 0.0623 0.3346 0.249 0.179 0.0817 0.0078 0.0 0.0156 0.035 0.035 0.2412 0.4125 0.2412 0.0584 0.0117 0.0 0.0 0.0 0.0 0.0 0.0739 0.393 0.214 0.2412 0.035 0.0428 0.0 0.0 0.0 0.0 0.0 0.0 0.0156 0.0311 0.0895 0.2023 0.2257 0.4358 0.0 0.0 0.0 0.0 0.0039 0.0 0.1012 0.2335 0.0895 0.3774 0.1751 0.0311 0.0817 0.2218 0.2607 0.1829 0.144 0.0623 0.0156 0.0 0.0 0.0 0.0 0.0467 0.0623 0.1518 0.2685 0.3113 0.1089 0.0506 0.0 0.0 0.0 0.0 0.0039 0.0233 0.0078 0.0156 0.0156 0.0506 0.5798 0.0 0.0 0.0 0.0117 0.0078 0.0078 0.0117 0.0389 0.1712 0.3463 
0.0 0.0 0.0 0.0 0.1174 0.1388 0.3381 0.2171 0.1886 0.0 0.1388 0.1174 0.2028 0.1993 0.2562 0.0712 0.0142 0.0 0.0 0.0 0.0534 0.0712 0.1779 0.1103 0.1744 0.0854 0.0498 0.0498 0.0356 0.0819 0.1708 0.2669 0.1851 0.1174 0.1139 0.0712 0.0676 0.0071 0.0 0.0 0.0 0.0 0.0 0.0 0.0356 0.1032 0.1815 0.2278 0.3808 0.0712 0.0 0.0 0.0 0.0 0.0 0.0 0.1957 0.6975 0.1068 0.0 0.0 0.0 0.0427 0.1779 0.2313 0.2954 0.2028 0.0498 0.0 0.0 0.0 0.0 0.0 0.0 0.0427 0.1174 0.3808 0.2954 0.0961 0.0391 0.0036 0.1103 0.3132 0.2349 0.0747 0.1388 0.0107 0.0534 0.0534 0.0071 0.1139 0.1174 0.2384 0.2349 0.0996 0.1708 0.0142 0.0036 0.0071 0.0 
0.0 0.0 0.0 0.0 0.0375 0.1167 0.2833 0.3042 0.225 0.0333 0.0167 0.2583 0.3083 0.2708 0.0875 0.0125 0.0333 0.0125 0.0 0.0 0.2042 0.275 0.2667 0.2292 0.025 0.0 0.0 0.0 0.0 0.0 0.0125 0.1333 0.1958 0.1917 0.1833 0.1333 0.0792 0.0042 0.0167 0.0125 0.0333 0.0292 0.0083 0.0042 0.0625 0.1125 0.1417 0.3375 0.1875 0.0792 0.0 0.0 0.0375 0.0 0.0042 0.6042 0.3 0.0542 0.0 0.0 0.1625 0.075 0.1417 0.2375 0.2667 0.1 0.0167 0.0 0.0 0.0 0.0292 0.0917 0.0125 0.1042 0.125 0.1833 0.0875 0.1042 0.15 0.1125 0.0 0.0 0.0 0.0083 0.0042 0.075 0.2458 0.1917 0.3583 0.0667 0.0 0.0 0.0 0.0 0.0375 0.1833 0.2083 0.1542 0.3458 0.0708 
0.0 0.0 0.0028 0.0195 0.0641 0.2089 0.2312 0.2201 0.2423 0.0111 0.0474 0.2145 0.3677 0.1504 0.1198 0.0891 0.0056 0.0056 0.0 0.0 0.1309 0.0891 0.0362 0.0195 0.0111 0.0084 0.039 0.0501 0.0334 0.0696 0.1003 0.195 0.156 0.1504 0.0975 0.0919 0.0613 0.0696 0.0139 0.0641 0.0 0.0 0.0 0.0334 0.2618 0.1866 0.0947 0.1003 0.1309 0.1616 0.0 0.0 0.0 0.0 0.0223 0.2312 0.4234 0.2423 0.0808 0.0 0.0808 0.0808 0.3454 0.2953 0.1003 0.0724 0.0111 0.0056 0.0084 0.0 0.0195 0.0836 0.039 0.1058 0.0669 0.1226 0.2591 0.1866 0.1003 0.0167 0.0 0.0 0.0139 0.0111 0.0028 0.0279 0.0362 0.2089 0.3398 0.234 0.0306 0.0585 0.0975 0.2228 0.1894 0.1309 0.0864 0.0362 0.0418 0.078 
0.0 0.0 0.0 0.0 0.0 0.033 0.1685 0.6484 0.1502 0.0 0.0 0.0733 0.5348 0.2711 0.1209 0.0 0.0 0.0 0.0 0.0 0.2527 0.3187 0.2234 0.1538 0.0366 0.0147 0.0 0.0 0.0 0.0 0.0 0.011 0.4396 0.2674 0.2674 0.0147 0.0 0.0 0.0 0.0 0.0 0.0 0.0 0.0 0.0 0.0 0.1355 0.4872 0.3773 0.0 0.0 0.0 0.0 0.0 0.0 0.0073 0.4139 0.4689 0.1099 0.0 0.0696 0.6044 0.2418 0.0842 0.0 0.0 0.0 0.0 0.0 0.0 0.0 0.0 0.0256 0.3297 0.5897 0.0549 0.0 0.0 0.0 0.0 0.0 0.0 0.0 0.0 0.0 0.2088 0.1209 0.4762 0.1941 0.0 0.0 0.0 0.0 0.0 0.1099 0.1575 0.2125 0.3187 0.1795 0.022 
0.0 0.0 0.0 0.0 0.0 0.1886 0.1032 0.3416 0.3025 0.0641 0.2384 0.306 0.089 0.0712 0.1174 0.0605 0.0961 0.0214 0.0 0.0 0.0142 0.032 0.1032 0.1317 0.1673 0.2171 0.242 0.0427 0.0107 0.0071 0.2669 0.2811 0.2206 0.1993 0.0214 0.0107 0.0 0.0 0.0 0.0 0.0 0.0 0.0 0.0 0.0 0.0 0.0178 0.1495 0.5587 0.2562 0.0 0.0 0.0 0.0783 0.7295 0.1922 0.0 0.0 0.0 0.0 0.0071 0.3203 0.4128 0.2171 0.0249 0.0178 0.0 0.0 0.0 0.0 0.0 0.0 0.0391 0.242 0.5409 0.1637 0.0071 0.0071 0.0 0.0 0.1708 0.1851 0.0854 0.089 0.2456 0.0356 0.0961 0.0712 0.0142 0.0071 0.0463 0.0356 0.1922 0.4235 0.0925 0.0534 0.0961 0.0534 0.0071 0.0 
0.0905 0.4397 0.1379 0.0517 0.0172 0.0905 0.0043 0.1681 0.0 0.0 0.0 0.0259 0.1336 0.0086 0.0129 0.069 0.056 0.069 0.3879 0.2371 0.0991 0.2328 0.5603 0.0776 0.0259 0.0043 0.0 0.0 0.0 0.0 0.0 0.1121 0.0431 0.0345 0.0819 0.1853 0.1466 0.0129 0.2069 0.1466 0.0 0.0517 0.319 0.0129 0.1422 0.2069 0.0991 0.0259 0.1422 0.0 0.0 0.0 0.0 0.0 0.0 0.0216 0.069 0.2026 0.5302 0.1767 0.0862 0.1207 0.2414 0.2543 0.1336 0.0862 0.0603 0.0172 0.0 0.0 0.0129 0.056 0.0862 0.1897 0.1466 0.1422 0.181 0.1164 0.069 0.0 0.0 0.0 0.0 0.0 0.0 0.0086 0.1078 0.4655 0.4095 0.0086 0.0 0.0 0.0 0.0 0.0 0.056 0.1767 0.4741 0.2543 0.0388 
0.0 0.1174 0.2841 0.2917 0.1742 0.0606 0.0152 0.0492 0.0076 0.0 0.0 0.0189 0.0265 0.0303 0.0341 0.0795 0.2841 0.2273 0.2008 0.0833 0.053 0.0606 0.0644 0.0606 0.0833 0.0758 0.0947 0.0833 0.1364 0.1098 0.0 0.0341 0.1629 0.1667 0.1515 0.2045 0.1136 0.0682 0.053 0.0379 0.0038 0.072 0.2121 0.178 0.2992 0.1629 0.0606 0.0114 0.0 0.0 0.0 0.0 0.0 0.0 0.072 0.3788 0.1856 0.2121 0.1515 0.0 0.1894 0.25 0.2727 0.1515 0.1098 0.0114 0.0152 0.0 0.0 0.0 0.0 0.0076 0.0455 0.1742 0.2462 0.2879 0.1856 0.0341 0.0152 0.0038 0.3409 0.3295 0.0947 0.0114 0.072 0.1364 0.0152 0.0 0.0 0.0 0.8977 0.0644 0.0265 0.0076 0.0038 0.0 0.0 0.0 0.0 0.0 
0.0224 0.0032 0.0192 0.0641 0.0481 0.1122 0.375 0.3397 0.016 0.0 0.0 0.0513 0.3494 0.2981 0.1635 0.0321 0.0609 0.0032 0.0256 0.0096 0.1186 0.2308 0.3205 0.1763 0.1282 0.0256 0.0 0.0 0.0 0.0 0.0192 0.1026 0.2917 0.1859 0.1859 0.0801 0.0833 0.0417 0.0096 0.0 0.0 0.0 0.0288 0.0929 0.0994 0.0641 0.2019 0.2756 0.2019 0.0353 0.0 0.0032 0.0064 0.0224 0.0288 0.1506 0.3622 0.0833 0.0962 0.1186 0.3846 0.266 0.2308 0.0897 0.0288 0.0 0.0 0.0 0.0 0.0 0.0994 0.1891 0.1378 0.2051 0.2083 0.1026 0.0288 0.016 0.0128 0.0 0.0 0.0 0.0 0.0256 0.0321 0.0128 0.0641 0.1378 0.5096 0.1987 0.0 0.0 0.0 0.0385 0.0673 0.0641 0.0865 0.2051 0.4455 0.0865 
0.0 0.0 0.0 0.0 0.0105 0.0455 0.1294 0.3671 0.3741 0.0734 0.1608 0.3007 0.2517 0.2238 0.0455 0.0175 0.0 0.0 0.0 0.0 0.035 0.1224 0.1469 0.2308 0.2098 0.1364 0.0594 0.042 0.0035 0.014 0.0315 0.1888 0.2517 0.2273 0.1399 0.1329 0.021 0.007 0.0 0.0 0.0 0.0 0.0 0.0 0.0 0.0035 0.0769 0.1853 0.4126 0.3147 0.0 0.0 0.0 0.0 0.0035 0.1818 0.3007 0.3741 0.1399 0.0 0.2587 0.3252 0.2797 0.0874 0.0175 0.0175 0.007 0.007 0.0 0.0 0.0 0.0 0.0245 0.3531 0.2133 0.2063 0.1713 0.0245 0.007 0.0 0.0 0.0 0.0105 0.049 0.0594 0.0105 0.0315 0.472 0.3042 0.0455 0.2692 0.0699 0.0455 0.1294 0.1364 0.1434 0.1643 0.0105 0.014 0.0175 
0.0238 0.0159 0.0079 0.0238 0.0317 0.0476 0.1111 0.5079 0.2063 0.0159 0.0 0.119 0.5 0.246 0.0397 0.0397 0.0238 0.0079 0.0159 0.0 0.119 0.2381 0.2698 0.2778 0.0873 0.0 0.0 0.0 0.0 0.0 0.0635 0.0556 0.2937 0.254 0.254 0.0635 0.0 0.0079 0.0 0.0 0.0238 0.0 0.0 0.0079 0.0 0.0556 0.2063 0.2937 0.3095 0.0397 0.0159 0.0 0.0238 0.0159 0.0 0.0238 0.0714 0.1905 0.2937 0.2778 0.4921 0.2857 0.1111 0.0794 0.0 0.0 0.0 0.0 0.0 0.0 0.0476 0.0079 0.0794 0.1587 0.3095 0.1905 0.0873 0.0714 0.0 0.0079 0.0 0.0 0.0 0.0 0.0 0.0079 0.127 0.4603 0.373 0.0238 0.0 0.0 0.0 0.0079 0.0159 0.0794 0.1825 0.3571 0.2698 0.0794 
0.0 0.0 0.0 0.0 0.0 0.0 0.4677 0.4194 0.0968 0.0 0.0 0.0323 0.0484 0.2581 0.5323 0.1129 0.0 0.0 0.0 0.0 0.5323 0.0806 0.129 0.1452 0.0645 0.0 0.0161 0.0161 0.0 0.0 0.3065 0.371 0.1613 0.1129 0.0323 0.0 0.0 0.0 0.0 0.0 0.0 0.0 0.0 0.0 0.0 0.0 0.0 0.0 0.5 0.4839 0.0 0.0 0.0 0.0 0.0 0.0 0.3065 0.4839 0.1935 0.0 0.4516 0.2097 0.2419 0.0323 0.0484 0.0 0.0 0.0 0.0 0.0 0.0 0.3226 0.6452 0.0161 0.0 0.0 0.0 0.0 0.0 0.0 0.0 0.0 0.0 0.0 0.0645 0.0484 0.0161 0.7581 0.0968 0.0 0.1452 0.0645 0.0 0.1452 0.5645 0.0484 0.0161 0.0 0.0 0.0 
0.0 0.0 0.0 0.0 0.0 0.0102 0.3878 0.3163 0.2857 0.0 0.0 0.6837 0.3163 0.0 0.0 0.0 0.0 0.0 0.0 0.0 0.0 0.0 0.5306 0.449 0.0204 0.0 0.0 0.0 0.0 0.0 0.0102 0.8265 0.1633 0.0 0.0 0.0 0.0 0.0 0.0 0.0 0.0 0.0 0.0 0.0 0.0 0.0 0.0918 0.2857 0.3673 0.0 0.0 0.0 0.0 0.0 0.0 0.0 0.1224 0.5408 0.3367 0.0 0.0102 0.0204 0.3571 0.398 0.2143 0.0 0.0 0.0 0.0 0.0 0.0 0.2551 0.0 0.0102 0.1633 0.5102 0.0612 0.0 0.0 0.0 0.0 0.0 0.0 0.0 0.0 0.0918 0.0612 0.3673 0.0612 0.4184 0.0 0.0 0.0 0.0 0.0714 0.0612 0.3367 0.0612 0.0408 0.4184 
0.0 0.0 0.0 0.0545 0.0545 0.0545 0.2636 0.2727 0.2818 0.0182 0.2727 0.3636 0.3364 0.0182 0.0091 0.0 0.0 0.0 0.0 0.0 0.0 0.2 0.2455 0.2364 0.3182 0.0 0.0 0.0 0.0 0.0 0.0273 0.7364 0.2273 0.0091 0.0 0.0 0.0 0.0 0.0 0.0 0.0 0.0 0.0 0.0 0.1727 0.1455 0.1818 0.0909 0.3818 0.0273 0.0 0.0 0.0 0.0 0.0 0.0273 0.2545 0.6818 0.0364 0.0 0.1909 0.2818 0.3 0.2091 0.0182 0.0 0.0 0.0 0.0 0.0 0.0 0.0 0.0 0.0636 0.2091 0.2 0.1364 0.3455 0.0455 0.0 0.0 0.0 0.0 0.0 0.0 0.1455 0.3182 0.0455 0.0818 0.3727 0.0 0.0 0.0 0.0182 0.1 0.3273 0.0909 0.0273 0.0545 0.3636 
0.0 0.0 0.0 0.0 0.0 0.0946 0.2568 0.5811 0.0676 0.0 0.0135 0.3581 0.6284 0.0 0.0 0.0 0.0 0.0 0.0 0.0 0.0 0.3311 0.2635 0.1081 0.2432 0.0541 0.0 0.0 0.0 0.0 0.0135 0.4054 0.5608 0.0203 0.0 0.0 0.0 0.0 0.0 0.0 0.0 0.0 0.0 0.0 0.0 0.0405 0.2095 0.2027 0.5473 0.0 0.0 0.0 0.0 0.0 0.0 0.2162 0.7568 0.027 0.0 0.0 0.0 0.1689 0.4527 0.2973 0.0811 0.0 0.0 0.0 0.0 0.0 0.0 0.0 0.0 0.0068 0.5743 0.3919 0.027 0.0 0.0 0.0 0.0 0.0 0.0 0.0203 0.0338 0.2297 0.0 0.0541 0.6081 0.0541 0.0 0.0 0.0068 0.027 0.0135 0.2432 0.0541 0.2432 0.4122 0.0 
0.0 0.0 0.0 0.0483 0.069 0.0276 0.1931 0.6483 0.0138 0.0 0.0966 0.3586 0.4069 0.0759 0.0621 0.0 0.0 0.0 0.0 0.0 0.0 0.1724 0.5931 0.2138 0.0207 0.0 0.0 0.0 0.0 0.0 0.0 0.0897 0.8552 0.0552 0.0 0.0 0.0 0.0 0.0 0.0 0.0 0.0 0.0 0.0 0.0207 0.0414 0.1241 0.131 0.6828 0.0 0.0 0.0 0.0 0.0 0.0 0.0414 0.6828 0.2759 0.0 0.0 0.069 0.0552 0.5379 0.2552 0.0276 0.0552 0.0 0.0 0.0 0.0 0.0 0.0 0.0 0.0897 0.8069 0.1034 0.0 0.0 0.0 0.0 0.0 0.0414 0.0138 0.0207 0.0207 0.0069 0.0345 0.6414 0.2207 0.0 0.0 0.0 0.0069 0.0483 0.0276 0.0345 0.669 0.1724 0.0414 0.0 
0.0 0.0 0.0 0.0 0.0 0.0 0.6071 0.3839 0.0089 0.0 0.0536 0.2679 0.6339 0.0446 0.0 0.0 0.0 0.0 0.0 0.0 0.4018 0.2679 0.2232 0.1071 0.0 0.0 0.0 0.0 0.0 0.0 0.0 0.0982 0.6339 0.2143 0.0536 0.0 0.0 0.0 0.0 0.0 0.0 0.0 0.0 0.0 0.0 0.0 0.0 0.6161 0.3839 0.0 0.0 0.0 0.0 0.0 0.0 0.0714 0.9286 0.0 0.0 0.0 0.0804 0.5268 0.3929 0.0 0.0 0.0 0.0 0.0 0.0 0.0 0.0 0.0 0.0 0.8125 0.1875 0.0 0.0 0.0 0.0 0.0 0.0 0.0 0.0 0.0804 0.0179 0.0089 0.0982 0.7768 0.0179 0.0 0.0 0.0 0.0804 0.0089 0.0714 0.3304 0.1429 0.3304 0.0357 0.0 
0.0 0.0 0.0 0.0 0.0 0.0207 0.1793 0.8 0.0 0.0 0.0759 0.3931 0.4552 0.0759 0.0 0.0 0.0 0.0 0.0 0.0 0.2483 0.2483 0.3448 0.1241 0.0345 0.0 0.0 0.0 0.0 0.0 0.0 0.0 0.4 0.5655 0.0276 0.0069 0.0 0.0 0.0 0.0 0.0 0.0 0.0 0.0 0.0 0.0 0.1931 0.4276 0.3793 0.0 0.0 0.0 0.0 0.0 0.0 0.7586 0.2414 0.0 0.0 0.0 0.0 0.6138 0.3793 0.0069 0.0 0.0 0.0 0.0 0.0 0.0 0.0 0.0 0.0 0.1931 0.7103 0.0966 0.0 0.0 0.0 0.0 0.0 0.0 0.0 0.0138 0.0138 0.0345 0.1034 0.5517 0.2828 0.0 0.0 0.0 0.0345 0.0414 0.0207 0.0345 0.2 0.6414 0.0276 0.0 
0.0 0.0 0.0 0.0 0.0762 0.0857 0.4286 0.3429 0.0667 0.0 0.0 0.5143 0.2762 0.2095 0.0 0.0 0.0 0.0 0.0 0.0 0.0 0.1905 0.3524 0.4286 0.0286 0.0 0.0 0.0 0.0 0.0 0.0 0.3905 0.6095 0.0 0.0 0.0 0.0 0.0 0.0 0.0 0.0 0.0 0.0 0.0 0.0 0.1333 0.2857 0.0476 0.5333 0.0 0.0 0.0 0.0 0.0 0.0 0.2 0.8 0.0 0.0 0.0 0.0 0.1048 0.3238 0.4857 0.0857 0.0 0.0 0.0 0.0 0.0 0.0 0.0 0.0 0.0 0.2095 0.6286 0.0571 0.1048 0.0 0.0 0.0 0.0 0.0 0.0 0.0 0.0952 0.419 0.1333 0.181 0.1524 0.0 0.0 0.0 0.0381 0.0476 0.0381 0.2762 0.181 0.2 0.1333 
0.0 0.0 0.0 0.1813 0.0989 0.3516 0.0989 0.0879 0.1484 0.033 0.044 0.2802 0.1648 0.1923 0.0934 0.011 0.1648 0.0495 0.0 0.0 0.0275 0.0989 0.2308 0.533 0.0934 0.0165 0.0 0.0 0.0 0.0 0.0 0.0604 0.3901 0.2143 0.3242 0.011 0.0 0.0 0.0 0.0 0.0 0.0 0.0 0.0 0.0934 0.2473 0.1593 0.3681 0.1209 0.011 0.0 0.0 0.0 0.0 0.044 0.2912 0.1429 0.3242 0.1978 0.0 0.033 0.0714 0.2088 0.1923 0.0879 0.1319 0.0604 0.0495 0.0659 0.0989 0.0 0.0 0.0604 0.0659 0.1758 0.2967 0.1538 0.0549 0.1264 0.033 0.0 0.0 0.0 0.0 0.011 0.0824 0.0659 0.2637 0.5769 0.0 0.0 0.0 0.0 0.0055 0.0275 0.0824 0.2033 0.2582 0.4231 0.0 
0.0 0.0 0.0 0.0 0.0556 0.2407 0.1759 0.3796 0.1481 0.0 0.0 0.5741 0.4259 0.0 0.0 0.0 0.0 0.0 0.0 0.0 0.0 0.0926 0.2963 0.1667 0.037 0.4074 0.0 0.0 0.0 0.0 0.0 0.0 0.9444 0.0556 0.0 0.0 0.0 0.0 0.0 0.0 0.0 0.0 0.0 0.0 0.0185 0.0833 0.3611 0.1204 0.4167 0.0 0.0 0.0 0.0 0.0 0.0 0.1667 0.8333 0.0 0.0 0.0 0.0 0.0833 0.75 0.1481 0.0185 0.0 0.0 0.0 0.0 0.0 0.0 0.0 0.0 0.0185 0.537 0.4444 0.0 0.0 0.0 0.0 0.0 0.0 0.0 0.0 0.0 0.1759 0.25 0.4074 0.0648 0.1019 0.0 0.0 0.0 0.0 0.1852 0.3148 0.1296 0.2593 0.0556 0.0556 
0.0 0.0 0.0 0.0 0.008 0.176 0.136 0.536 0.144 0.0 0.152 0.288 0.512 0.048 0.0 0.0 0.0 0.0 0.0 0.0 0.0 0.024 0.256 0.32 0.384 0.016 0.0 0.0 0.0 0.0 0.232 0.336 0.352 0.08 0.0 0.0 0.0 0.0 0.0 0.0 0.0 0.0 0.0 0.0 0.0 0.12 0.224 0.16 0.496 0.0 0.0 0.0 0.0 0.0 0.0 0.28 0.224 0.496 0.0 0.0 0.032 0.0 0.568 0.312 0.088 0.0 0.0 0.0 0.0 0.0 0.0 0.0 0.048 0.392 0.368 0.144 0.048 0.0 0.0 0.0 0.0 0.0 0.0 0.0 0.024 0.056 0.056 0.408 0.288 0.152 0.0 0.0 0.0 0.016 0.008 0.064 0.16 0.336 0.288 0.128 
0.0 0.0 0.0 0.0 0.0734 0.367 0.1651 0.3486 0.0459 0.0 0.1193 0.1376 0.6422 0.1009 0.0 0.0 0.0 0.0 0.0 0.0 0.0 0.211 0.2477 0.055 0.3761 0.0459 0.0642 0.0 0.0 0.0 0.0917 0.0734 0.6881 0.0734 0.0734 0.0 0.0 0.0 0.0 0.0 0.0 0.0 0.0 0.0 0.1101 0.3578 0.0183 0.1835 0.3303 0.0 0.0 0.0 0.0 0.0 0.0 0.1009 0.5413 0.3578 0.0 0.0 0.055 0.2477 0.2294 0.1376 0.3119 0.0183 0.0 0.0 0.0 0.0 0.0 0.0 0.055 0.1009 0.4495 0.1101 0.2844 0.0 0.0 0.0 0.0 0.0 0.0092 0.0275 0.1376 0.2752 0.055 0.0734 0.2661 0.156 0.0 0.0092 0.0826 0.3486 0.0092 0.0092 0.0642 0.055 0.3394 0.0826 
0.0 0.0 0.0 0.0 0.0839 0.2168 0.2587 0.1958 0.2448 0.0 0.0629 0.6643 0.2727 0.0 0.0 0.0 0.0 0.0 0.0 0.0 0.0 0.1748 0.6364 0.1888 0.0 0.0 0.0 0.0 0.0 0.0 0.049 0.3007 0.5035 0.0839 0.021 0.042 0.0 0.0 0.0 0.0 0.0 0.0 0.0 0.0 0.0 0.1259 0.3706 0.3497 0.1259 0.028 0.0 0.0 0.0 0.0 0.0 0.3427 0.3357 0.3217 0.0 0.0 0.0839 0.1469 0.1678 0.1329 0.0909 0.007 0.3427 0.028 0.0 0.0 0.0 0.007 0.0629 0.2098 0.3357 0.2587 0.0839 0.021 0.021 0.0 0.0 0.0 0.035 0.035 0.0769 0.4336 0.049 0.1049 0.042 0.2238 0.0 0.0 0.028 0.028 0.0909 0.1049 0.3986 0.0909 0.1049 0.1538 
0.0 0.0 0.0 0.0064 0.0705 0.0321 0.2436 0.6282 0.0192 0.0 0.0 0.1218 0.3782 0.4038 0.0641 0.0321 0.0 0.0 0.0 0.0 0.0128 0.0192 0.6987 0.2692 0.0 0.0 0.0 0.0 0.0 0.0 0.0 0.3526 0.0705 0.109 0.2051 0.2564 0.0064 0.0 0.0 0.0 0.0 0.0 0.0 0.0 0.1282 0.4103 0.0833 0.0769 0.3013 0.0 0.0 0.0 0.0 0.0 0.0 0.0 0.0128 0.4679 0.4872 0.0321 0.0 0.0128 0.359 0.3462 0.1282 0.0385 0.0128 0.0385 0.0256 0.0321 0.0 0.0 0.0 0.0 0.3141 0.1795 0.1987 0.109 0.0641 0.0192 0.0 0.0 0.0 0.0 0.0 0.0064 0.0577 0.4103 0.1859 0.1346 0.0 0.0 0.0 0.0 0.0 0.0 0.0705 0.3205 0.2051 0.3782 
0.0 0.0 0.0 0.0202 0.0202 0.2727 0.2828 0.404 0.0 0.0 0.0 0.3939 0.5657 0.0 0.0303 0.0101 0.0 0.0 0.0 0.0 0.0 0.1616 0.697 0.1414 0.0 0.0 0.0 0.0 0.0 0.0 0.0 0.5455 0.4545 0.0 0.0 0.0 0.0 0.0 0.0 0.0 0.0 0.0 0.0 0.0 0.0 0.101 0.3131 0.303 0.2828 0.0 0.0 0.0 0.0 0.0 0.0 0.0 0.2424 0.4444 0.3131 0.0 0.0808 0.0202 0.4444 0.1616 0.2222 0.0707 0.0 0.0 0.0 0.0 0.0 0.0 0.0 0.0 0.4343 0.4949 0.0707 0.0 0.0 0.0 0.0 0.0 0.0 0.0 0.0 0.0303 0.101 0.2424 0.1919 0.2121 0.0 0.0 0.0 0.0 0.0 0.1111 0.101 0.3636 0.1111 0.3131 
0.0 0.0 0.0 0.0 0.0278 0.5463 0.0741 0.3519 0.0 0.0 0.0 0.1852 0.8148 0.0 0.0 0.0 0.0 0.0 0.0 0.0 0.0 0.0 0.4537 0.5278 0.0185 0.0 0.0 0.0 0.0 0.0 0.0 0.0741 0.8889 0.037 0.0 0.0 0.0 0.0 0.0 0.0 0.0 0.0 0.0 0.0 0.0 0.0093 0.6111 0.0741 0.3056 0.0 0.0 0.0 0.0 0.0 0.0 0.0093 0.5648 0.2037 0.2222 0.0 0.0 0.0463 0.2407 0.6204 0.0926 0.0 0.0 0.0 0.0 0.0 0.0 0.0 0.0 0.0648 0.3519 0.1667 0.4167 0.0 0.0 0.0 0.0 0.0 0.0 0.0185 0.0185 0.4907 0.0463 0.037 0.3889 0.0 0.0 0.0 0.0 0.0463 0.0648 0.4444 0.0185 0.2593 0.1667 0.0 
0.0 0.0 0.0 0.0 0.0 0.4536 0.2268 0.3093 0.0103 0.0 0.0 0.2165 0.7835 0.0 0.0 0.0 0.0 0.0 0.0 0.0 0.0412 0.2371 0.7113 0.0103 0.0 0.0 0.0 0.0 0.0 0.0 0.0 0.5464 0.4536 0.0 0.0 0.0 0.0 0.0 0.0 0.0 0.0 0.0 0.0 0.0 0.0 0.0 0.2062 0.5773 0.2165 0.0 0.0 0.0 0.0 0.0 0.0 0.0412 0.567 0.1959 0.1959 0.0 0.0 0.1031 0.7732 0.1237 0.0 0.0 0.0 0.0 0.0 0.0 0.0 0.0 0.0 0.5155 0.2474 0.2371 0.0 0.0 0.0 0.0 0.0 0.0 0.0 0.0309 0.0206 0.0309 0.4227 0.1546 0.3402 0.0 0.0 0.0 0.0 0.0103 0.0722 0.0309 0.4742 0.4124 0.0 0.0 
0.0 0.0 0.0 0.0 0.0 0.0 0.1293 0.8707 0.0 0.0 0.0259 0.1121 0.7328 0.1293 0.0 0.0 0.0 0.0 0.0 0.0 0.25 0.6207 0.1293 0.0 0.0 0.0 0.0 0.0 0.0 0.0 0.1466 0.2845 0.4052 0.1638 0.0 0.0 0.0 0.0 0.0 0.0 0.0 0.0 0.0 0.0 0.0 0.0 0.0 0.4397 0.5603 0.0 0.0 0.0 0.0 0.0 0.0 0.25 0.5431 0.2069 0.0 0.0 0.0 0.819 0.181 0.0 0.0 0.0 0.0 0.0 0.0 0.0 0.0 0.0 0.1552 0.5862 0.2586 0.0 0.0 0.0 0.0 0.0 0.0 0.0 0.0 0.0 0.0 0.0431 0.2241 0.7069 0.0259 0.0 0.0 0.0 0.0 0.0 0.0 0.181 0.1897 0.5603 0.069 0.0 
0.0 0.0 0.0 0.0 0.0 0.0111 0.1111 0.8778 0.0 0.0 0.0444 0.0778 0.6278 0.2333 0.0167 0.0 0.0 0.0 0.0 0.0 0.1056 0.7 0.1944 0.0 0.0 0.0 0.0 0.0 0.0 0.0 0.0833 0.0833 0.3 0.4556 0.0 0.0056 0.0444 0.0278 0.0 0.0 0.0 0.0 0.0 0.0 0.0 0.0444 0.0333 0.5056 0.3667 0.05 0.0 0.0 0.0 0.0 0.0 0.25 0.2222 0.5278 0.0 0.0 0.0278 0.6389 0.2778 0.0556 0.0 0.0 0.0 0.0 0.0 0.0 0.0 0.0111 0.0333 0.7333 0.1333 0.0167 0.0333 0.0389 0.0 0.0 0.0 0.0 0.0 0.0 0.0 0.0167 0.1278 0.6722 0.1833 0.0 0.0 0.0 0.0 0.0 0.0 0.0667 0.2 0.7333 0.0 0.0 
0.0 0.0 0.0 0.0 0.1512 0.2267 0.314 0.1105 0.186 0.0116 0.25 0.2326 0.0523 0.2442 0.0814 0.1279 0.0116 0.0 0.0 0.0 0.1453 0.1628 0.3605 0.2907 0.0349 0.0058 0.0 0.0 0.0 0.0 0.0465 0.4186 0.1628 0.186 0.064 0.0814 0.0407 0.0 0.0 0.0 0.0 0.0 0.0 0.0 0.0233 0.1744 0.2616 0.407 0.1279 0.0058 0.0 0.0 0.0174 0.0233 0.1395 0.2733 0.1105 0.1221 0.2965 0.0174 0.4535 0.4186 0.0523 0.0349 0.0233 0.0174 0.0 0.0 0.0 0.0 0.0872 0.0233 0.2326 0.1395 0.1453 0.1221 0.0291 0.0058 0.1395 0.0756 0.0 0.0 0.0 0.0 0.0 0.0233 0.0988 0.4535 0.3895 0.0349 0.0 0.0 0.0 0.0 0.0116 0.0698 0.1919 0.4186 0.2791 0.0291 
0.0 0.0227 0.4375 0.0 0.0057 0.0114 0.1364 0.233 0.1534 0.0 0.0 0.1875 0.1591 0.0795 0.0966 0.0114 0.0057 0.2045 0.2216 0.0341 0.0568 0.142 0.6364 0.1648 0.0 0.0 0.0 0.0 0.0 0.0 0.0 0.0227 0.2557 0.0682 0.1818 0.017 0.0057 0.0114 0.1136 0.0909 0.1989 0.142 0.108 0.0 0.0398 0.0455 0.1932 0.2443 0.0284 0.0 0.0 0.0 0.0 0.0 0.1023 0.2557 0.0739 0.0341 0.2273 0.2784 0.1136 0.1761 0.4602 0.2443 0.0057 0.0 0.0 0.0 0.0 0.0 0.0 0.0 0.0795 0.1023 0.142 0.3693 0.1932 0.0455 0.0455 0.0227 0.0 0.0 0.0 0.0057 0.017 0.0057 0.1477 0.4091 0.3523 0.0625 0.0 0.0 0.0 0.0114 0.0 0.0227 0.3466 0.2273 0.267 0.0625 
0.0 0.0299 0.0672 0.0522 0.0746 0.0373 0.2687 0.2836 0.1343 0.0522 0.0746 0.1418 0.4776 0.1418 0.1119 0.0522 0.0 0.0 0.0 0.0 0.0 0.2761 0.2463 0.2761 0.2015 0.0 0.0 0.0 0.0 0.0 0.0 0.0672 0.5299 0.2612 0.1418 0.0 0.0 0.0 0.0 0.0 0.0 0.0 0.0 0.0 0.0 0.0746 0.2313 0.3582 0.3358 0.0 0.0 0.0 0.0 0.0 0.0 0.0075 0.4776 0.5149 0.0 0.0 0.3358 0.4254 0.1343 0.0448 0.0224 0.0373 0.0 0.0 0.0 0.0 0.0 0.1567 0.403 0.0821 0.0075 0.1866 0.1418 0.0224 0.0 0.0 0.0 0.0 0.0 0.0 0.0 0.0 0.1269 0.3806 0.2537 0.2388 0.0 0.0 0.0 0.0 0.0 0.0 0.0821 0.2164 0.5075 0.194 
0.0 0.0 0.0 0.0 0.0071 0.0429 0.1714 0.7429 0.0357 0.0 0.0143 0.3714 0.5714 0.0429 0.0 0.0 0.0 0.0 0.0 0.0 0.0 0.3357 0.4357 0.2286 0.0 0.0 0.0 0.0 0.0 0.0 0.0 0.1071 0.7 0.1929 0.0 0.0 0.0 0.0 0.0 0.0 0.0 0.0 0.0 0.0 0.0 0.0214 0.0857 0.5643 0.3286 0.0 0.0 0.0 0.0 0.0 0.0 0.2571 0.2286 0.2643 0.25 0.0 0.2 0.3643 0.3857 0.05 0.0 0.0 0.0 0.0 0.0 0.0 0.0 0.0 0.1714 0.2286 0.5643 0.0357 0.0 0.0 0.0 0.0 0.0 0.0 0.0 0.0 0.0 0.0 0.0 0.1071 0.6929 0.2 0.0 0.0 0.0 0.0 0.0 0.0429 0.2071 0.2357 0.4214 0.0929 
0.0 0.0 0.0 0.0 0.1462 0.2615 0.0385 0.4846 0.0692 0.0 0.0 0.5769 0.4231 0.0 0.0 0.0 0.0 0.0 0.0 0.0 0.0 0.4846 0.1385 0.1615 0.2154 0.0 0.0 0.0 0.0 0.0 0.0 0.5846 0.3077 0.1077 0.0 0.0 0.0 0.0 0.0 0.0 0.0 0.0 0.0 0.0 0.0 0.3538 0.0538 0.1692 0.4231 0.0 0.0 0.0 0.0 0.0 0.0 0.0 0.5462 0.4538 0.0 0.0 0.0 0.2923 0.3692 0.2538 0.0846 0.0 0.0 0.0 0.0 0.0 0.0 0.0 0.0 0.4 0.3538 0.1692 0.0385 0.0385 0.0 0.0 0.0 0.0 0.0 0.0 0.1615 0.2 0.0385 0.2692 0.2615 0.0692 0.0 0.0 0.0 0.0769 0.3 0.0231 0.0077 0.3154 0.2769 0.0 
0.0 0.0 0.0 0.0201 0.4295 0.0336 0.1342 0.1879 0.1946 0.0 0.0 0.4161 0.4631 0.0738 0.047 0.0 0.0 0.0 0.0 0.0 0.0 0.349 0.1879 0.2953 0.1477 0.0201 0.0 0.0 0.0 0.0 0.0537 0.3154 0.5101 0.1074 0.0134 0.0 0.0 0.0 0.0 0.0 0.0 0.0 0.0 0.0 0.3087 0.1678 0.0268 0.0671 0.396 0.0336 0.0 0.0 0.0 0.0 0.0 0.0 0.5503 0.4497 0.0 0.0 0.0671 0.1946 0.1611 0.0134 0.3624 0.2013 0.0 0.0 0.0 0.0 0.0 0.0134 0.0604 0.2483 0.1879 0.0134 0.0537 0.3893 0.0336 0.0 0.0 0.0 0.0 0.0 0.1812 0.1879 0.0738 0.2349 0.3221 0.0 0.0 0.0 0.0134 0.1409 0.255 0.0 0.0537 0.396 0.1409 0.0 
